n = 10 ; 
T = 96 ; 
Init = [ 0 0 0 1 0 0 0 0 1 1 ]
L = [ 11 11 11 19 16 16 16 5 10 10 ]
l = [ 11 11 11 19 16 16 16 5 10 10 ]
Pmin = [ 161 161 161 302 239 239 239 65 147 147 ]
Pmax = [ 214 214 214 403 319 319 319 87 196 196 ]
cf = [ 52.5425 52.5425 52.5425 49.9653 7.27553 7.27553 7.27553 7.49698 39.4664 39.4664 ]
c0 = [ 168 168 168 250 224 224 224 82 140 140 ]
cp = [ 24.6768 24.6768 24.6768 9.74342 14.7251 14.7251 14.7251 38.1899 28.2032 28.2032 ]
D = [ 722 787 838 896 934 983 1123 1100 1216 1235 1305 1328 1442 1528 1522 1579 1681 1770 1760 1862 1903 2027 2028 2122 2162 2075 1986 1836 1818 1681 1646 1501 1467 1324 1276 1331 1487 1629 1701 1813 1914 1801 1581 1441 1255 1068 925 681 499 597 669 755 856 871 931 987 1059 1165 1181 1300 1351 1403 1460 1535 1639 1690 1747 1815 1921 1914 1972 2068 2093 2031 1995 1931 1843 1706 1668 1595 1489 1358 1304 1427 1537 1671 1783 1898 1973 1761 1657 1443 1316 1103 997 808 ]
K = 5
nk = [ 1 1 1 2 3 3 3 4 5 5 ]
First = [ 1 0 0 1 1 0 0 1 1 0 ]
Last = [ 0 0 1 1 0 0 1 1 0 1 ]
nS = 1
S = [ 0 1 2 3 4 5 6 7 8 9 ]
