n = 10 ; 
T = 96 ; 
Init = [ 0 0 0 0 1 1 1 1 1 1 ]
L = [ 9 9 9 9 8 8 8 8 20 20 ]
l = [ 9 9 9 9 8 8 8 8 20 20 ]
Pmin = [ 120 120 120 120 98 98 98 98 315 315 ]
Pmax = [ 159 159 159 159 130 130 130 130 420 420 ]
cf = [ 27.4571 27.4571 27.4571 27.4571 55.8803 55.8803 55.8803 55.8803 65.5348 65.5348 ]
c0 = [ 127 127 127 127 104 104 104 104 250 250 ]
cp = [ 32.5142 32.5142 32.5142 32.5142 35.1488 35.1488 35.1488 35.1488 8.00097 8.00097 ]
D = [ 491 559 594 645 713 781 771 896 887 997 1006 1026 1082 1121 1229 1274 1295 1359 1416 1439 1473 1559 1613 1683 1683 1626 1567 1476 1425 1331 1273 1247 1171 1099 1075 1092 1194 1345 1438 1481 1613 1453 1333 1179 1087 947 867 748 547 596 678 711 767 824 871 897 962 969 985 1043 1091 1115 1186 1215 1243 1348 1340 1412 1441 1482 1507 1599 1605 1530 1517 1469 1372 1344 1225 1188 1166 1086 1040 1084 1151 1242 1269 1358 1413 1298 1206 1071 936 792 723 574 ]
K = 3
nk = [ 1 1 1 1 2 2 2 2 3 3 ]
First = [ 1 0 0 0 1 0 0 0 1 0 ]
Last = [ 0 0 0 1 0 0 0 1 0 1 ]
nS = 1
S = [ 0 1 2 3 4 5 6 7 8 9 ]
