n = 10 ; 
T = 96 ; 
Init = [ 0 1 1 1 1 1 0 1 0 0 ]
L = [ 15 17 17 16 17 20 18 14 14 14 ]
l = [ 15 17 17 16 17 20 18 14 14 14 ]
Pmin = [ 247 261 261 248 287 315 286 222 209 209 ]
Pmax = [ 329 348 348 331 383 420 382 296 278 278 ]
cf = [ 47.7459 26.2068 26.2068 44.546 56.2549 19.8827 56.2442 61.6432 12.66 12.66 ]
c0 = [ 226 223 223 223 248 250 250 197 188 188 ]
cp = [ 17.993 17.1085 17.1085 20.2795 12.2504 8.53151 9.09886 21.0194 25.0103 25.0103 ]
D = [ 772 870 851 935 1137 1135 1302 1285 1499 1487 1607 1696 1813 1944 2011 2120 2164 2184 2333 2403 2480 2571 2653 2760 2838 2705 2631 2548 2406 2338 2181 2037 1978 1848 1698 1899 1961 2171 2402 2452 2696 2424 2211 1949 1719 1482 1240 1101 820 842 971 1112 1177 1206 1322 1437 1562 1652 1690 1803 1860 1933 2078 2181 2184 2349 2396 2496 2546 2699 2803 2849 2994 2848 2749 2600 2529 2346 2248 2109 1995 1803 1715 1805 1917 2084 2201 2348 2381 2137 1999 1825 1567 1348 1189 981 ]
K = 8
nk = [ 1 2 2 3 4 5 6 7 8 8 ]
First = [ 1 1 0 1 1 1 1 1 1 0 ]
Last = [ 1 0 1 1 1 1 1 1 0 1 ]
nS = 1
S = [ 0 1 2 3 4 5 6 7 8 9 ]
