n = 10 ; 
T = 96 ; 
Init = [ 1 0 0 1 1 1 1 1 1 1 ]
L = [ 14 7 7 7 7 16 16 14 14 9 ]
l = [ 14 7 7 7 7 16 16 14 14 9 ]
Pmin = [ 226 76 76 71 71 257 257 209 209 119 ]
Pmax = [ 302 102 102 95 95 343 343 279 279 158 ]
cf = [ 18.5658 51.1235 51.1235 8.44219 8.44219 22.1918 22.1918 36.7092 36.7092 21.3001 ]
c0 = [ 198 114 114 95 95 228 228 197 197 120 ]
cp = [ 19.4802 35.7557 35.7557 36.1703 36.1703 19.0699 19.0699 30.6052 30.6052 36.4391 ]
D = [ 490 539 574 611 677 737 818 826 890 927 1025 1061 1065 1155 1225 1304 1333 1363 1469 1516 1565 1567 1634 1701 1749 1695 1623 1556 1496 1350 1326 1273 1205 1078 1008 1129 1270 1320 1479 1545 1662 1528 1324 1223 1040 936 776 652 442 528 568 675 678 724 845 858 952 1009 1028 1153 1212 1247 1324 1329 1418 1458 1559 1578 1645 1709 1777 1805 1855 1806 1712 1661 1545 1464 1401 1314 1260 1178 1055 1124 1290 1325 1431 1549 1666 1503 1376 1265 1078 970 888 732 ]
K = 6
nk = [ 1 2 2 3 3 4 4 5 5 6 ]
First = [ 1 1 0 1 0 1 0 1 0 1 ]
Last = [ 1 0 1 0 1 0 1 0 1 1 ]
nS = 1
S = [ 0 1 2 3 4 5 6 7 8 9 ]
