n = 10 ; 
T = 96 ; 
Init = [ 0 0 1 1 1 0 1 1 1 0 ]
L = [ 12 12 13 13 9 16 6 6 10 19 ]
l = [ 12 12 13 13 9 16 6 6 10 19 ]
Pmin = [ 176 176 190 190 127 249 55 55 142 315 ]
Pmax = [ 235 235 253 253 169 331 73 73 190 420 ]
cf = [ 68.657 68.657 50.1943 50.1943 57.6261 44.1211 10.1987 10.1987 8.37141 14.3893 ]
c0 = [ 164 164 176 176 130 224 75 75 146 250 ]
cp = [ 24.4504 24.4504 17.9064 17.9064 38.3985 20.3015 35.2338 35.2338 30.047 9.29847 ]
D = [ 664 670 772 735 831 867 940 951 982 1031 1114 1189 1170 1263 1290 1360 1405 1496 1487 1513 1556 1633 1668 1776 1747 1717 1681 1614 1547 1488 1358 1337 1236 1249 1143 1236 1294 1360 1506 1546 1612 1481 1326 1193 1106 931 819 640 525 558 627 646 708 775 881 949 951 1011 1132 1122 1231 1274 1330 1422 1440 1455 1532 1648 1648 1732 1813 1868 1891 1793 1715 1656 1587 1512 1364 1310 1209 1162 1070 1156 1303 1353 1449 1540 1682 1511 1381 1243 1146 1013 821 683 ]
K = 7
nk = [ 1 1 2 2 3 4 5 5 6 7 ]
First = [ 1 0 1 0 1 1 1 0 1 1 ]
Last = [ 0 1 0 1 1 1 0 1 1 1 ]
nS = 1
S = [ 0 1 2 3 4 5 6 7 8 9 ]
