n = 10 ; 
T = 96 ; 
Init = [ 0 0 0 0 0 1 1 0 1 0 ]
L = [ 12 12 4 4 19 18 19 12 17 18 ]
l = [ 12 12 4 4 19 18 19 12 17 18 ]
Pmin = [ 176 176 25 25 311 288 303 197 255 300 ]
Pmax = [ 234 234 33 33 415 384 403 263 340 400 ]
cf = [ 34.7219 34.7219 28.9135 28.9135 50.2577 8.20148 42.0731 10.9742 66.8102 49.4503 ]
c0 = [ 168 168 71 71 250 248 250 174 232 250 ]
cp = [ 17.7512 17.7512 38.2816 38.2816 11.154 11.8172 8.81324 24.3812 19.3163 14.8131 ]
D = [ 606 615 720 838 858 968 1017 1093 1135 1281 1331 1386 1555 1576 1647 1740 1864 1924 1944 2105 2115 2190 2338 2427 2505 2309 2278 2064 1949 1931 1798 1602 1513 1405 1357 1459 1631 1693 1901 2036 2164 1931 1741 1658 1476 1277 1097 959 755 815 906 955 990 1093 1142 1274 1249 1328 1377 1469 1506 1632 1652 1725 1814 1835 1902 1924 2031 2071 2187 2261 2287 2168 2037 1946 1936 1793 1735 1573 1538 1400 1335 1485 1600 1735 1845 1984 2026 1935 1697 1525 1389 1219 1059 839 ]
K = 8
nk = [ 1 1 2 2 3 4 5 6 7 8 ]
First = [ 1 0 1 0 1 1 1 1 1 1 ]
Last = [ 0 1 0 1 1 1 1 1 1 1 ]
nS = 1
S = [ 0 1 2 3 4 5 6 7 8 9 ]
