n = 10 ; 
T = 96 ; 
Init = [ 0 0 0 0 0 0 1 1 0 0 ]
L = [ 12 12 7 7 17 16 11 11 20 20 ]
l = [ 12 12 7 7 17 16 11 11 20 20 ]
Pmin = [ 186 186 95 95 280 234 158 158 315 315 ]
Pmax = [ 248 248 127 127 373 312 211 211 420 420 ]
cf = [ 44.1918 44.1918 11.4032 11.4032 61.8504 42.3695 11.9394 11.9394 42.7148 42.7148 ]
c0 = [ 193 193 117 117 245 213 146 146 250 250 ]
cp = [ 21.4898 21.4898 35.3743 35.3743 11.7173 23.4194 32.821 32.821 9.12697 9.12697 ]
D = [ 650 783 775 848 970 1013 1169 1149 1289 1364 1376 1453 1514 1649 1685 1739 1821 1908 1941 2097 2133 2218 2220 2323 2459 2288 2255 2162 1973 1954 1783 1698 1632 1489 1406 1467 1588 1666 1743 1824 1905 1795 1645 1481 1326 1248 1066 921 774 804 868 979 968 1037 1057 1125 1230 1263 1363 1423 1472 1547 1533 1681 1746 1727 1762 1865 1952 1971 2068 2118 2211 2068 1959 1952 1897 1729 1664 1626 1538 1478 1385 1517 1649 1699 1840 1911 2044 1849 1652 1505 1326 1164 999 826 ]
K = 6
nk = [ 1 1 2 2 3 4 5 5 6 6 ]
First = [ 1 0 1 0 1 1 1 0 1 0 ]
Last = [ 0 1 0 1 1 1 0 1 0 1 ]
nS = 1
S = [ 0 1 2 3 4 5 6 7 8 9 ]
