n = 10 ; 
T = 96 ; 
Init = [ 0 0 1 1 1 1 0 0 1 1 ]
L = [ 4 4 7 19 19 6 19 16 17 17 ]
l = [ 4 4 7 19 19 6 19 16 17 17 ]
Pmin = [ 46 46 91 304 304 73 300 257 266 266 ]
Pmax = [ 61 61 121 405 405 97 399 343 354 354 ]
cf = [ 14.2119 14.2119 18.4752 59.3302 59.3302 33.7933 9.37111 68.3458 51.8787 51.8787 ]
c0 = [ 71 71 113 250 250 96 250 230 246 246 ]
cp = [ 41.5575 41.5575 31.5312 9.79415 9.79415 33.995 11.0412 19.7353 18.743 18.743 ]
D = [ 621 704 776 851 934 968 1096 1117 1173 1303 1297 1434 1475 1596 1581 1671 1714 1810 1864 1968 2024 2071 2149 2243 2284 2268 2158 2036 1891 1845 1696 1621 1484 1442 1267 1463 1495 1698 1741 1863 2022 1805 1602 1443 1278 1093 955 762 557 652 693 770 857 981 1014 1053 1129 1292 1295 1430 1416 1501 1554 1630 1747 1808 1929 2003 2035 2068 2150 2276 2345 2240 2106 2027 1937 1804 1723 1657 1547 1435 1374 1496 1549 1665 1858 1916 2019 1864 1704 1545 1403 1225 1070 869 ]
K = 7
nk = [ 1 1 2 3 3 4 5 6 7 7 ]
First = [ 1 0 1 1 0 1 1 1 1 0 ]
Last = [ 0 1 1 0 1 1 1 1 0 1 ]
nS = 1
S = [ 0 1 2 3 4 5 6 7 8 9 ]
