n = 10 ; 
T = 96 ; 
Init = [ 0 0 0 1 1 0 0 0 0 0 ]
L = [ 13 13 13 20 20 19 19 19 19 19 ]
l = [ 13 13 13 20 20 19 19 19 19 19 ]
Pmin = [ 183 183 183 308 308 315 315 315 315 315 ]
Pmax = [ 244 244 244 411 411 420 420 420 420 420 ]
cf = [ 65.609 65.609 65.609 11.3026 11.3026 31.2379 31.2379 31.2379 31.2379 31.2379 ]
c0 = [ 164 164 164 250 250 250 250 250 250 250 ]
cp = [ 23.2279 23.2279 23.2279 8.27382 8.27382 12.1896 12.1896 12.1896 12.1896 12.1896 ]
D = [ 975 1069 1153 1240 1282 1412 1400 1545 1631 1730 1862 1827 1983 2098 2230 2295 2349 2355 2467 2588 2722 2805 2917 3000 3046 2880 2764 2666 2545 2417 2207 2119 1998 1931 1697 1830 2106 2219 2410 2538 2809 2494 2240 2028 1741 1532 1297 1124 796 1015 1081 1106 1193 1291 1324 1415 1578 1653 1753 1832 1950 2013 2053 2113 2198 2341 2356 2508 2633 2670 2771 2923 2961 2778 2677 2542 2455 2345 2232 2119 1997 1863 1835 1961 2086 2252 2383 2438 2594 2371 2198 1871 1626 1406 1199 952 ]
K = 3
nk = [ 1 1 1 2 2 3 3 3 3 3 ]
First = [ 1 0 0 1 0 1 0 0 0 0 ]
Last = [ 0 0 1 0 1 0 0 0 0 1 ]
nS = 1
S = [ 0 1 2 3 4 5 6 7 8 9 ]
