n = 10 ; 
T = 96 ; 
Init = [ 0 0 0 0 0 0 0 1 1 1 ]
L = [ 19 19 19 18 18 18 18 14 14 14 ]
l = [ 19 19 19 18 18 18 18 14 14 14 ]
Pmin = [ 298 298 298 275 275 275 275 224 224 224 ]
Pmax = [ 397 397 397 367 367 367 367 298 298 298 ]
cf = [ 51.2161 51.2161 51.2161 12.8027 12.8027 12.8027 12.8027 21.5019 21.5019 21.5019 ]
c0 = [ 250 250 250 250 250 250 250 215 215 215 ]
cp = [ 9.18141 9.18141 9.18141 16.8417 16.8417 16.8417 16.8417 17.2233 17.2233 17.2233 ]
D = [ 934 1049 1098 1183 1349 1398 1500 1555 1633 1736 1832 1922 1883 2046 2147 2132 2249 2406 2411 2545 2537 2702 2732 2862 2980 2823 2666 2534 2502 2346 2194 2046 1923 1881 1735 1945 1976 2098 2281 2450 2593 2302 2133 1809 1600 1450 1171 997 772 819 1033 1129 1138 1196 1378 1492 1516 1668 1777 1735 1860 2050 2050 2168 2270 2309 2440 2468 2696 2719 2754 2906 3009 2870 2805 2553 2509 2352 2186 2186 1985 1940 1802 1908 1935 2134 2263 2365 2482 2284 2050 1857 1616 1432 1123 892 ]
K = 3
nk = [ 1 1 1 2 2 2 2 3 3 3 ]
First = [ 1 0 0 1 0 0 0 1 0 0 ]
Last = [ 0 0 1 0 0 0 1 0 0 1 ]
nS = 1
S = [ 0 1 2 3 4 5 6 7 8 9 ]
