n = 10 ; 
T = 96 ; 
Init = [ 1 0 0 0 1 1 1 1 1 1 ]
L = [ 4 18 18 18 19 19 19 19 16 16 ]
l = [ 4 18 18 18 19 19 19 19 16 16 ]
Pmin = [ 31 273 273 273 306 306 306 306 257 257 ]
Pmax = [ 42 364 364 364 407 407 407 407 342 342 ]
cf = [ 50.3605 65.3628 65.3628 65.3628 35.2137 35.2137 35.2137 35.2137 67.0296 67.0296 ]
c0 = [ 62 238 238 238 250 250 250 250 232 232 ]
cp = [ 41.9765 13.4036 13.4036 13.4036 8.56267 8.56267 8.56267 8.56267 12.5147 12.5147 ]
D = [ 729 931 953 1003 1069 1179 1285 1336 1430 1509 1625 1686 1829 1814 1990 1993 2159 2230 2305 2402 2423 2475 2667 2758 2844 2631 2533 2463 2320 2229 2123 2011 1900 1871 1726 1864 1991 2273 2379 2517 2657 2385 2229 2018 1649 1448 1157 1008 698 772 922 992 1074 1122 1292 1387 1436 1461 1689 1676 1800 1867 1959 2065 2216 2284 2369 2497 2521 2644 2790 2862 2943 2848 2613 2579 2460 2336 2221 2187 2045 1851 1795 1908 2074 2223 2340 2600 2683 2420 2198 2074 1786 1564 1316 1087 ]
K = 4
nk = [ 1 2 2 2 3 3 3 3 4 4 ]
First = [ 1 1 0 0 1 0 0 0 1 0 ]
Last = [ 1 0 0 1 0 0 0 1 0 1 ]
nS = 1
S = [ 0 1 2 3 4 5 6 7 8 9 ]
