n = 10 ; 
T = 96 ; 
Init = [ 0 0 1 1 1 1 0 0 0 1 ]
L = [ 14 14 20 20 16 7 15 15 17 14 ]
l = [ 14 14 20 20 16 7 15 15 17 14 ]
Pmin = [ 199 199 315 315 257 73 235 235 280 220 ]
Pmax = [ 266 266 420 420 343 97 314 314 373 294 ]
cf = [ 62.4155 62.4155 57.6296 57.6296 14.5336 24.8144 64.4563 64.4563 46.7703 9.30838 ]
c0 = [ 171 171 250 250 220 98 223 223 250 215 ]
cp = [ 31.9551 31.9551 9.76373 9.76373 16.7838 28.091 20.5857 20.5857 18.8269 21.7248 ]
D = [ 599 704 859 846 998 999 1120 1248 1276 1446 1466 1563 1671 1657 1766 1875 2011 1987 2135 2168 2346 2335 2417 2566 2656 2559 2452 2299 2181 2067 2005 1883 1792 1679 1586 1652 1791 1947 2060 2144 2265 2029 1840 1699 1491 1330 1092 938 815 850 981 1048 1080 1162 1214 1360 1358 1516 1552 1663 1708 1827 1847 1943 2068 2190 2176 2370 2361 2512 2555 2691 2661 2664 2523 2435 2291 2162 2115 1949 1899 1777 1597 1705 1790 1913 1962 2087 2163 2020 1905 1675 1569 1393 1177 990 ]
K = 7
nk = [ 1 1 2 2 3 4 5 5 6 7 ]
First = [ 1 0 1 0 1 1 1 0 1 1 ]
Last = [ 0 1 0 1 1 1 0 1 1 1 ]
nS = 1
S = [ 0 1 2 3 4 5 6 7 8 9 ]
