n = 10 ; 
T = 96 ; 
Init = [ 0 1 1 1 0 0 0 1 1 1 ]
L = [ 12 19 19 19 12 12 12 10 10 10 ]
l = [ 12 19 19 19 12 12 12 10 10 10 ]
Pmin = [ 184 315 315 315 168 168 168 151 151 151 ]
Pmax = [ 245 420 420 420 224 224 224 201 201 201 ]
cf = [ 11.5138 13.4187 13.4187 13.4187 67.773 67.773 67.773 22.6677 22.6677 22.6677 ]
c0 = [ 175 250 250 250 162 162 162 140 140 140 ]
cp = [ 25.2758 8.68582 8.68582 8.68582 28.4304 28.4304 28.4304 28.5796 28.5796 28.5796 ]
D = [ 549 690 780 828 923 998 970 1075 1196 1229 1281 1376 1445 1458 1609 1695 1675 1829 1901 1912 1992 2081 2128 2190 2292 2239 2104 1982 1980 1863 1787 1718 1561 1505 1414 1489 1644 1773 1883 1978 2071 1961 1770 1549 1383 1162 957 813 591 621 742 825 918 1005 1062 1125 1224 1299 1404 1422 1495 1556 1722 1805 1857 1888 2057 2081 2115 2256 2308 2426 2445 2355 2228 2158 2059 1888 1829 1697 1587 1457 1328 1438 1523 1689 1783 1886 1937 1796 1578 1473 1313 1181 969 781 ]
K = 4
nk = [ 1 2 2 2 3 3 3 4 4 4 ]
First = [ 1 1 0 0 1 0 0 1 0 0 ]
Last = [ 1 0 0 1 0 0 1 0 0 1 ]
nS = 1
S = [ 0 1 2 3 4 5 6 7 8 9 ]
