n = 10 ; 
T = 96 ; 
Init = [ 1 1 1 0 0 0 1 1 1 1 ]
L = [ 11 15 15 17 17 17 9 9 20 20 ]
l = [ 11 15 15 17 17 17 9 9 20 20 ]
Pmin = [ 178 233 233 285 285 289 137 137 315 315 ]
Pmax = [ 238 311 311 381 381 385 182 182 420 420 ]
cf = [ 43.5904 43.7986 43.7986 9.62941 9.62941 17.5805 26.6872 26.6872 63.9175 63.9175 ]
c0 = [ 165 215 215 250 250 238 139 139 250 250 ]
cp = [ 15.2815 20.5122 20.5122 12.5736 12.5736 17.0914 32.1014 32.1014 8.03113 8.03113 ]
D = [ 846 831 932 976 1176 1148 1244 1378 1475 1485 1530 1641 1774 1769 1848 1975 2080 2159 2217 2338 2435 2440 2527 2554 2633 2558 2465 2297 2247 2165 1999 1878 1702 1687 1531 1733 1867 1986 2115 2268 2317 2197 1908 1795 1590 1302 1109 930 758 855 859 933 1054 1134 1275 1301 1460 1468 1562 1694 1791 1819 1944 2018 2163 2173 2284 2384 2438 2512 2612 2711 2797 2721 2535 2410 2274 2280 2072 2012 1901 1739 1668 1683 1865 1940 2024 2152 2277 2070 1944 1652 1516 1301 1125 920 ]
K = 6
nk = [ 1 2 2 3 3 4 5 5 6 6 ]
First = [ 1 1 0 1 0 1 1 0 1 0 ]
Last = [ 1 0 1 0 1 1 0 1 0 1 ]
nS = 1
S = [ 0 1 2 3 4 5 6 7 8 9 ]
