n = 10 ; 
T = 96 ; 
Init = [ 0 0 0 0 1 0 0 0 0 0 ]
L = [ 13 13 13 13 18 6 6 6 6 9 ]
l = [ 13 13 13 13 18 6 6 6 6 9 ]
Pmin = [ 207 207 207 207 283 69 69 69 69 110 ]
Pmax = [ 276 276 276 276 377 92 92 92 92 147 ]
cf = [ 7.41897 7.41897 7.41897 7.41897 17.9855 38.8841 38.8841 38.8841 38.8841 39.8898 ]
c0 = [ 188 188 188 188 250 93 93 93 93 122 ]
cp = [ 28.1674 28.1674 28.1674 28.1674 19.08 35.4726 35.4726 35.4726 35.4726 29.3759 ]
D = [ 510 608 644 703 744 816 826 883 972 1020 1066 1116 1148 1163 1235 1244 1312 1397 1432 1502 1486 1597 1597 1691 1691 1641 1569 1504 1394 1319 1272 1185 1158 1098 1021 1076 1209 1263 1405 1499 1551 1463 1331 1220 1018 908 757 654 522 601 623 688 689 719 827 826 883 898 944 1015 1105 1110 1137 1185 1234 1258 1341 1352 1453 1474 1493 1533 1613 1553 1464 1402 1389 1289 1254 1158 1092 1034 1037 1064 1129 1253 1314 1391 1486 1341 1237 1091 985 863 720 539 ]
K = 4
nk = [ 1 1 1 1 2 3 3 3 3 4 ]
First = [ 1 0 0 0 1 1 0 0 0 1 ]
Last = [ 0 0 0 1 1 0 0 0 1 1 ]
nS = 1
S = [ 0 1 2 3 4 5 6 7 8 9 ]
