n = 10 ; 
T = 96 ; 
Init = [ 1 1 0 0 0 0 1 1 0 0 ]
L = [ 17 14 5 5 7 7 11 11 13 13 ]
l = [ 17 14 5 5 7 7 11 11 13 13 ]
Pmin = [ 282 217 53 45 92 92 168 168 218 218 ]
Pmax = [ 376 290 70 61 123 123 224 224 290 290 ]
cf = [ 65.715 61.807 61.6367 37.4115 34.5948 34.5948 29.1173 29.1173 9.08177 9.08177 ]
c0 = [ 231 204 84 60 104 104 151 151 201 201 ]
cp = [ 17.4337 14.6015 32.0519 40.4325 36.5497 36.5497 25.209 25.209 22.8185 22.8185 ]
D = [ 540 533 654 707 704 790 878 932 949 1040 1013 1117 1129 1229 1293 1337 1384 1443 1487 1502 1557 1676 1666 1751 1799 1753 1613 1548 1533 1448 1323 1290 1228 1170 1054 1193 1257 1350 1489 1518 1648 1535 1361 1196 1047 883 708 553 418 499 500 563 661 671 710 799 841 922 941 1000 1039 1097 1204 1237 1251 1371 1352 1407 1506 1559 1620 1625 1740 1682 1564 1530 1433 1394 1312 1278 1184 1131 1105 1125 1263 1373 1428 1471 1608 1484 1307 1204 1000 877 752 592 ]
K = 7
nk = [ 1 2 3 4 5 5 6 6 7 7 ]
First = [ 1 1 1 1 1 0 1 0 1 0 ]
Last = [ 1 1 1 1 0 1 0 1 0 1 ]
nS = 1
S = [ 0 1 2 3 4 5 6 7 8 9 ]
