n = 10 ; 
T = 96 ; 
Init = [ 0 0 0 0 0 1 0 0 0 0 ]
L = [ 14 14 4 4 4 7 15 15 15 15 ]
l = [ 14 14 4 4 4 7 15 15 15 15 ]
Pmin = [ 224 224 24 24 24 78 250 250 243 243 ]
Pmax = [ 299 299 31 31 31 103 333 333 324 324 ]
cf = [ 37.4368 37.4368 22.7221 22.7221 22.7221 39.2657 50.7862 50.7862 8.03253 8.03253 ]
c0 = [ 198 198 69 69 69 90 236 236 225 225 ]
cp = [ 19.9439 19.9439 40.1274 40.1274 40.1274 34.3977 21.007 21.007 18.6263 18.6263 ]
D = [ 495 524 543 604 675 749 817 832 926 963 1000 1108 1149 1206 1261 1362 1422 1457 1496 1571 1633 1664 1751 1830 1876 1780 1661 1612 1510 1494 1421 1271 1225 1114 1051 1181 1250 1361 1448 1468 1557 1492 1347 1203 1052 904 802 653 544 578 682 657 736 785 821 876 931 980 1068 1089 1153 1202 1291 1296 1345 1369 1462 1492 1585 1579 1673 1747 1770 1727 1642 1555 1510 1474 1367 1265 1212 1159 1065 1175 1256 1282 1396 1481 1505 1390 1263 1202 1084 911 804 685 ]
K = 5
nk = [ 1 1 2 2 2 3 4 4 5 5 ]
First = [ 1 0 1 0 0 1 1 0 1 0 ]
Last = [ 0 1 0 0 1 1 0 1 0 1 ]
nS = 1
S = [ 0 1 2 3 4 5 6 7 8 9 ]
