n = 10 ; 
T = 96 ; 
Init = [ 0 0 0 1 1 0 0 0 0 1 ]
L = [ 14 14 14 6 18 11 11 11 11 17 ]
l = [ 14 14 14 6 18 11 11 11 11 17 ]
Pmin = [ 231 231 231 56 291 157 157 157 157 293 ]
Pmax = [ 308 308 308 74 388 210 210 210 210 391 ]
cf = [ 43.0618 43.0618 43.0618 33.4754 66.6877 9.73185 9.73185 9.73185 9.73185 56.5052 ]
c0 = [ 215 215 215 92 250 138 138 138 138 249 ]
cp = [ 27.1935 27.1935 27.1935 33.7635 10.6128 26.4194 26.4194 26.4194 26.4194 11.4093 ]
D = [ 700 763 871 916 1031 1025 1167 1175 1200 1269 1408 1465 1478 1530 1605 1655 1783 1843 1948 1982 2014 2133 2113 2186 2267 2129 2127 1963 1909 1786 1665 1511 1491 1309 1240 1374 1434 1546 1623 1749 1864 1773 1543 1468 1259 1144 1054 909 750 805 920 929 980 1036 1094 1127 1270 1278 1291 1356 1503 1546 1568 1618 1739 1783 1845 1908 1966 1988 2086 2065 2136 2088 1946 1966 1882 1728 1683 1583 1530 1436 1391 1417 1511 1656 1761 1940 2034 1811 1611 1512 1273 1141 928 751 ]
K = 5
nk = [ 1 1 1 2 3 4 4 4 4 5 ]
First = [ 1 0 0 1 1 1 0 0 0 1 ]
Last = [ 0 0 1 1 1 0 0 0 1 1 ]
nS = 1
S = [ 0 1 2 3 4 5 6 7 8 9 ]
