n = 10 ; 
T = 96 ; 
Init = [ 0 0 1 1 1 1 1 1 1 0 ]
L = [ 19 19 10 10 4 6 6 9 9 9 ]
l = [ 19 19 10 10 4 6 6 9 9 9 ]
Pmin = [ 315 315 138 138 48 54 54 132 132 133 ]
Pmax = [ 420 420 184 184 64 73 73 176 176 177 ]
cf = [ 45.0178 45.0178 66.2433 66.2433 10.4291 37.6276 37.6276 14.4341 14.4341 58.098 ]
c0 = [ 250 250 151 151 77 93 93 128 128 142 ]
cp = [ 8.26968 8.26968 29.5023 29.5023 41.672 34.6886 34.6886 28.9449 28.9449 34.8139 ]
D = [ 495 562 572 654 673 765 772 818 891 924 991 1073 1120 1148 1255 1252 1352 1408 1413 1469 1496 1555 1637 1686 1719 1635 1615 1482 1410 1366 1214 1133 1104 988 937 1051 1153 1233 1341 1385 1523 1341 1264 1091 963 863 712 554 408 469 523 580 625 705 771 776 864 931 988 1041 1061 1136 1196 1200 1288 1374 1422 1460 1524 1531 1573 1670 1737 1632 1566 1525 1397 1343 1321 1200 1154 1056 1016 1089 1144 1166 1268 1282 1395 1258 1186 1023 908 843 710 630 ]
K = 6
nk = [ 1 1 2 2 3 4 4 5 5 6 ]
First = [ 1 0 1 0 1 1 0 1 0 1 ]
Last = [ 0 1 0 1 1 0 1 0 1 1 ]
nS = 1
S = [ 0 1 2 3 4 5 6 7 8 9 ]
