n = 10 ; 
T = 96 ; 
Init = [ 1 0 1 1 1 0 0 1 0 0 ]
L = [ 17 6 18 18 18 12 12 13 8 8 ]
l = [ 17 6 18 18 18 12 12 13 8 8 ]
Pmin = [ 271 61 303 303 303 183 183 179 101 101 ]
Pmax = [ 362 81 404 404 404 244 244 239 134 134 ]
cf = [ 23.5369 67.8306 20.3238 20.3238 20.3238 7.92976 7.92976 28.7406 24.2378 24.2378 ]
c0 = [ 221 96 250 250 250 174 174 173 127 127 ]
cp = [ 20.9716 35.2627 11.525 11.525 11.525 28.5845 28.5845 24.8017 32.4892 32.4892 ]
D = [ 706 692 792 882 974 964 1081 1143 1171 1298 1328 1347 1476 1534 1594 1636 1758 1786 1854 1955 2018 2079 2099 2186 2223 2146 2021 1917 1856 1799 1691 1579 1550 1477 1389 1470 1513 1667 1745 1856 1966 1755 1671 1485 1373 1177 1074 914 708 820 909 971 1047 1120 1104 1212 1265 1331 1393 1461 1528 1676 1685 1805 1823 1947 1970 2035 2122 2217 2218 2261 2405 2224 2118 2036 1989 1799 1765 1595 1554 1435 1365 1438 1536 1594 1706 1895 1950 1794 1615 1513 1330 1197 1041 914 ]
K = 6
nk = [ 1 2 3 3 3 4 4 5 6 6 ]
First = [ 1 1 1 0 0 1 0 1 1 0 ]
Last = [ 1 1 0 0 1 0 1 1 0 1 ]
nS = 1
S = [ 0 1 2 3 4 5 6 7 8 9 ]
