n = 10 ; 
T = 96 ; 
Init = [ 1 0 0 1 0 0 1 0 0 0 ]
L = [ 11 11 11 7 14 14 14 19 7 7 ]
l = [ 11 11 11 7 14 14 14 19 7 7 ]
Pmin = [ 163 175 175 76 208 208 213 296 70 70 ]
Pmax = [ 217 233 233 101 277 277 284 395 94 94 ]
cf = [ 29.3481 9.95469 9.95469 16.9674 41.2906 41.2906 21.1084 35.1836 44.5206 44.5206 ]
c0 = [ 165 166 166 107 205 205 207 250 106 106 ]
cp = [ 14.949 15.7401 15.7401 34.3359 19.7527 19.7527 22.4585 11.943 39.7514 39.7514 ]
D = [ 591 620 690 722 758 831 852 974 963 1009 1104 1195 1237 1269 1311 1341 1460 1475 1514 1579 1654 1713 1703 1757 1848 1798 1707 1637 1560 1418 1387 1304 1226 1123 1108 1199 1303 1355 1515 1642 1687 1557 1479 1358 1207 1030 884 800 629 709 778 767 834 911 989 992 1027 1100 1191 1201 1249 1321 1325 1405 1440 1550 1565 1604 1683 1711 1733 1857 1874 1817 1732 1683 1600 1455 1387 1302 1275 1137 1079 1141 1278 1321 1423 1544 1609 1438 1293 1219 1069 878 743 577 ]
K = 7
nk = [ 1 2 2 3 4 4 5 6 7 7 ]
First = [ 1 1 0 1 1 0 1 1 1 0 ]
Last = [ 1 0 1 1 0 1 1 1 0 1 ]
nS = 1
S = [ 0 1 2 3 4 5 6 7 8 9 ]
