n = 10 ; 
T = 96 ; 
Init = [ 0 0 1 1 1 1 1 1 1 0 ]
L = [ 10 16 19 19 9 18 18 16 16 19 ]
l = [ 10 16 19 19 9 18 18 16 16 19 ]
Pmin = [ 159 240 300 300 144 276 276 265 265 315 ]
Pmax = [ 212 320 400 400 192 368 368 353 353 420 ]
cf = [ 58.3153 16.2807 13.7619 13.7619 66.801 13.836 13.836 22.4729 22.4729 62.0765 ]
c0 = [ 152 209 250 250 141 240 240 241 241 250 ]
cp = [ 30.2701 19.1278 8.65551 8.65551 26.2581 8.96817 8.96817 28.8135 28.8135 13.7039 ]
D = [ 973 1077 1122 1303 1343 1394 1419 1625 1664 1677 1796 1824 1961 1977 2112 2184 2327 2372 2439 2561 2627 2713 2784 2879 2920 2767 2703 2602 2387 2278 2234 2057 1971 1756 1680 1798 1932 2043 2150 2243 2422 2143 2028 1839 1631 1571 1374 1229 986 1138 1141 1246 1323 1350 1500 1456 1564 1662 1792 1810 1821 1951 1984 2124 2243 2252 2317 2466 2532 2581 2558 2737 2762 2714 2512 2448 2334 2195 2099 1910 1849 1683 1661 1757 1971 2179 2294 2541 2638 2412 2205 1977 1807 1560 1398 1138 ]
K = 7
nk = [ 1 2 3 3 4 5 5 6 6 7 ]
First = [ 1 1 1 0 1 1 0 1 0 1 ]
Last = [ 1 1 0 1 1 0 1 0 1 1 ]
nS = 1
S = [ 0 1 2 3 4 5 6 7 8 9 ]
