n = 10 ; 
T = 96 ; 
Init = [ 0 0 0 0 0 0 0 0 1 1 ]
L = [ 19 19 5 11 19 19 19 19 20 20 ]
l = [ 19 19 5 11 19 19 19 19 20 20 ]
Pmin = [ 315 315 55 147 296 296 296 296 315 315 ]
Pmax = [ 420 420 74 197 394 394 394 394 420 420 ]
cf = [ 61.8942 61.8942 11.4952 31.3496 20.3802 20.3802 20.3802 20.3802 19.992 19.992 ]
c0 = [ 250 250 82 133 250 250 250 250 250 250 ]
cp = [ 15.1062 15.1062 40.5305 28.6552 22.7141 22.7141 22.7141 22.7141 9.29649 9.29649 ]
D = [ 895 1041 1125 1152 1278 1388 1516 1584 1690 1682 1838 1977 2004 2079 2258 2219 2326 2392 2539 2621 2687 2754 2915 3050 3025 2895 2848 2772 2552 2436 2368 2196 2137 1925 1832 1944 2169 2250 2482 2584 2710 2470 2227 2035 1782 1488 1311 1075 837 885 972 995 1120 1255 1322 1456 1506 1666 1723 1825 1876 2034 2070 2191 2289 2418 2514 2618 2608 2757 2853 2937 3013 2892 2818 2653 2535 2368 2308 2124 1912 1844 1729 1829 2083 2223 2362 2430 2636 2364 2208 1996 1647 1433 1247 1043 ]
K = 5
nk = [ 1 1 2 3 4 4 4 4 5 5 ]
First = [ 1 0 1 1 1 0 0 0 1 0 ]
Last = [ 0 1 1 1 0 0 0 1 0 1 ]
nS = 1
S = [ 0 1 2 3 4 5 6 7 8 9 ]
