n = 10 ; 
T = 96 ; 
Init = [ 0 0 0 0 0 0 0 0 0 0 ]
L = [ 8 8 8 8 16 16 8 13 14 17 ]
l = [ 8 8 8 8 16 16 8 13 14 17 ]
Pmin = [ 94 94 104 104 253 253 118 212 234 274 ]
Pmax = [ 125 125 138 138 338 338 158 282 312 365 ]
cf = [ 9.16355 9.16355 32.4486 32.4486 43.45 43.45 37.0166 24.1591 19.4695 25.4531 ]
c0 = [ 101 101 116 116 218 218 127 199 204 239 ]
cp = [ 27.9031 27.9031 35.6747 35.6747 14.5435 14.5435 34.7641 24.7475 15.6181 20.8522 ]
D = [ 425 556 637 628 753 779 842 897 978 1014 1049 1198 1219 1298 1317 1400 1489 1541 1548 1627 1754 1753 1841 1946 1920 1887 1840 1675 1583 1534 1443 1326 1253 1181 1086 1165 1331 1419 1491 1583 1645 1547 1398 1276 1103 1003 901 754 587 593 662 711 754 838 880 960 1039 1050 1143 1142 1237 1313 1382 1376 1428 1492 1544 1636 1691 1759 1816 1817 1922 1837 1734 1687 1610 1508 1378 1336 1278 1163 1115 1222 1313 1430 1470 1585 1658 1492 1398 1266 1122 950 757 610 ]
K = 7
nk = [ 1 1 2 2 3 3 4 5 6 7 ]
First = [ 1 0 1 0 1 0 1 1 1 1 ]
Last = [ 0 1 0 1 0 1 1 1 1 1 ]
nS = 1
S = [ 0 1 2 3 4 5 6 7 8 9 ]
