n = 10 ; 
T = 96 ; 
Init = [ 0 0 0 0 0 0 0 1 1 1 ]
L = [ 9 9 11 11 11 11 11 19 19 19 ]
l = [ 9 9 11 11 11 11 11 19 19 19 ]
Pmin = [ 138 138 152 152 152 152 152 315 315 315 ]
Pmax = [ 184 184 203 203 203 203 203 420 420 420 ]
cf = [ 49.3707 49.3707 46.7271 46.7271 46.7271 46.7271 46.7271 59.9205 59.9205 59.9205 ]
c0 = [ 155 155 140 140 140 140 140 250 250 250 ]
cp = [ 27.9003 27.9003 29.5459 29.5459 29.5459 29.5459 29.5459 9.77224 9.77224 9.77224 ]
D = [ 721 790 848 1001 1076 1077 1158 1203 1273 1360 1441 1511 1520 1574 1693 1753 1837 1845 1927 1973 2005 2149 2149 2274 2323 2189 2140 2013 1920 1827 1783 1642 1554 1504 1347 1469 1554 1718 1820 1912 1994 1831 1647 1499 1220 1092 939 787 575 674 753 838 875 921 1007 1046 1142 1287 1332 1367 1450 1512 1634 1671 1731 1842 1962 2037 2035 2184 2265 2312 2380 2301 2158 2085 1907 1831 1775 1647 1488 1435 1316 1435 1456 1557 1744 1786 1851 1748 1596 1408 1291 1080 959 827 ]
K = 3
nk = [ 1 1 2 2 2 2 2 3 3 3 ]
First = [ 1 0 1 0 0 0 0 1 0 0 ]
Last = [ 0 1 0 0 0 0 1 0 0 1 ]
nS = 1
S = [ 0 1 2 3 4 5 6 7 8 9 ]
