n = 10 ; 
T = 96 ; 
Init = [ 0 0 0 0 0 0 1 0 0 0 ]
L = [ 20 20 9 18 18 18 13 19 5 5 ]
l = [ 20 20 9 18 18 18 13 19 5 5 ]
Pmin = [ 315 315 115 302 302 302 208 315 55 55 ]
Pmax = [ 420 420 154 402 402 402 278 420 73 73 ]
cf = [ 58.7874 58.7874 33.7071 48.7545 48.7545 48.7545 46.4107 31.9614 30.8901 30.8901 ]
c0 = [ 250 250 123 250 250 250 189 250 87 87 ]
cp = [ 8.89702 8.89702 26.6773 13.4576 13.4576 13.4576 13.8042 9.89443 38.1414 38.1414 ]
D = [ 649 768 822 960 1043 1132 1240 1255 1352 1370 1506 1530 1656 1793 1760 1948 2010 2050 2146 2203 2337 2430 2448 2551 2652 2544 2434 2305 2137 2032 1917 1789 1722 1582 1391 1597 1735 1840 2104 2137 2304 2155 1907 1772 1559 1320 1172 942 724 793 966 1053 1131 1170 1207 1296 1338 1486 1505 1646 1720 1794 1799 1828 2014 2023 2067 2179 2258 2363 2457 2493 2525 2400 2291 2202 2142 2005 1873 1817 1675 1520 1477 1565 1723 1747 1851 1978 2197 1963 1751 1688 1453 1295 1187 943 ]
K = 6
nk = [ 1 1 2 3 3 3 4 5 6 6 ]
First = [ 1 0 1 1 0 0 1 1 1 0 ]
Last = [ 0 1 1 0 0 1 1 1 0 1 ]
nS = 1
S = [ 0 1 2 3 4 5 6 7 8 9 ]
