n = 10 ; 
T = 96 ; 
Init = [ 0 1 0 0 0 0 1 0 0 0 ]
L = [ 10 8 10 10 9 14 17 8 8 10 ]
l = [ 10 8 10 10 9 14 17 8 8 10 ]
Pmin = [ 133 105 151 151 113 232 265 119 119 154 ]
Pmax = [ 177 139 201 201 151 310 353 159 159 205 ]
cf = [ 41.414 60.6279 45.1856 45.1856 40.315 68.6108 36.2608 9.06681 9.06681 58.5076 ]
c0 = [ 123 132 166 166 132 205 240 145 145 155 ]
cp = [ 27.19 37.1527 24.3146 24.3146 30.6939 16.9335 15.6005 32.8108 32.8108 29.322 ]
D = [ 478 472 589 604 646 735 776 806 904 939 985 1071 1091 1205 1283 1288 1338 1441 1509 1552 1610 1635 1726 1766 1816 1717 1678 1610 1499 1424 1360 1250 1194 1109 1038 1148 1192 1286 1450 1536 1607 1435 1304 1176 1061 869 771 567 473 513 588 667 664 752 799 883 905 1004 1030 1046 1153 1189 1231 1332 1351 1378 1450 1522 1564 1651 1671 1747 1799 1709 1653 1548 1548 1410 1330 1291 1218 1157 1059 1153 1186 1223 1345 1425 1423 1336 1279 1149 1041 888 803 658 ]
K = 8
nk = [ 1 2 3 3 4 5 6 7 7 8 ]
First = [ 1 1 1 0 1 1 1 1 0 1 ]
Last = [ 1 1 0 1 1 1 1 0 1 1 ]
nS = 1
S = [ 0 1 2 3 4 5 6 7 8 9 ]
