n = 10 ; 
T = 96 ; 
Init = [ 1 1 1 1 0 0 0 1 1 1 ]
L = [ 19 15 20 20 12 10 9 8 20 20 ]
l = [ 19 15 20 20 12 10 9 8 20 20 ]
Pmin = [ 307 237 311 311 198 137 115 109 315 315 ]
Pmax = [ 409 316 414 414 264 183 153 145 420 420 ]
cf = [ 47.7962 50.541 25.1882 25.1882 55.3792 42.0135 28.6077 68.3568 31.2389 31.2389 ]
c0 = [ 250 215 250 250 204 153 108 115 250 250 ]
cp = [ 11.3093 15.1602 9.37403 9.37403 20.5642 17.6191 28.6964 35.2523 8.39378 8.39378 ]
D = [ 868 977 1028 1073 1169 1265 1340 1351 1438 1547 1556 1648 1714 1782 1882 1994 2071 2051 2112 2249 2329 2363 2454 2459 2564 2534 2312 2301 2167 2029 2016 1871 1772 1615 1571 1722 1814 1873 1966 2201 2300 2031 1861 1655 1510 1371 1207 945 792 897 987 1024 1136 1192 1324 1401 1422 1513 1595 1688 1712 1826 1891 1980 2069 2124 2193 2321 2389 2434 2475 2587 2649 2554 2439 2329 2223 2198 2064 1967 1844 1720 1708 1706 1899 2028 2151 2160 2301 2140 2001 1801 1550 1397 1208 1093 ]
K = 8
nk = [ 1 2 3 3 4 5 6 7 8 8 ]
First = [ 1 1 1 0 1 1 1 1 1 0 ]
Last = [ 1 1 0 1 1 1 1 1 0 1 ]
nS = 1
S = [ 0 1 2 3 4 5 6 7 8 9 ]
