n = 10 ; 
T = 96 ; 
Init = [ 1 1 1 1 0 0 1 1 1 1 ]
L = [ 7 7 10 10 4 4 11 11 11 19 ]
l = [ 7 7 10 10 4 4 11 11 11 19 ]
Pmin = [ 70 70 148 148 47 47 174 174 174 312 ]
Pmax = [ 94 94 198 198 62 62 233 233 233 417 ]
cf = [ 22.2134 22.2134 23.2246 23.2246 7.29726 7.29726 17.3626 17.3626 17.3626 15.755 ]
c0 = [ 96 96 149 149 73 73 170 170 170 250 ]
cp = [ 39.8905 39.8905 39.3922 39.3922 39.9823 39.9823 25.8085 25.8085 25.8085 9.50241 ]
D = [ 437 479 538 581 627 667 691 730 796 864 840 950 960 997 1032 1105 1152 1188 1243 1301 1335 1350 1412 1486 1533 1435 1352 1353 1270 1182 1142 1062 971 945 862 997 1045 1167 1222 1290 1434 1281 1202 1025 936 773 696 536 419 501 495 570 633 619 675 714 797 837 849 896 990 975 1054 1107 1131 1189 1223 1289 1318 1370 1397 1458 1483 1442 1351 1328 1263 1181 1109 1036 993 944 902 942 1045 1151 1187 1257 1359 1257 1153 1053 965 823 733 626 ]
K = 5
nk = [ 1 1 2 2 3 3 4 4 4 5 ]
First = [ 1 0 1 0 1 0 1 0 0 1 ]
Last = [ 0 1 0 1 0 1 0 0 1 1 ]
nS = 1
S = [ 0 1 2 3 4 5 6 7 8 9 ]
