n = 20 ; 
T = 96 ; 
Init = [ 1 1 1 1 1 0 0 0 1 1 1 1 1 1 1 1 1 1 1 1 ]
L = [ 19 19 19 19 19 19 19 19 16 16 16 16 7 7 7 7 4 4 4 6 ]
l = [ 19 19 19 19 19 19 19 19 16 16 16 16 7 7 7 7 4 4 4 6 ]
Pmin = [ 302 302 302 302 297 311 311 311 231 231 231 231 85 85 85 85 28 28 28 67 ]
Pmax = [ 402 402 402 402 395 414 414 414 308 308 308 308 114 114 114 114 37 37 37 89 ]
cf = [ 48.2264 48.2264 48.2264 48.2264 17.0154 27.1666 27.1666 27.1666 65.156 65.156 65.156 65.156 27.4947 27.4947 27.4947 27.4947 24.5381 24.5381 24.5381 49.2761 ]
c0 = [ 250 250 250 250 240 250 250 250 207 207 207 207 116 116 116 116 57 57 57 91 ]
cp = [ 8.73545 8.73545 8.73545 8.73545 15.0019 12.3743 12.3743 12.3743 17.5257 17.5257 17.5257 17.5257 31.8842 31.8842 31.8842 31.8842 41.7857 41.7857 41.7857 36.8456 ]
D = [ 1493 1696 1775 1798 2011 2231 2313 2424 2472 2678 2872 2910 2991 3221 3217 3495 3548 3714 3808 3984 4018 4247 4323 4421 4664 4399 4157 4053 3895 3564 3488 3199 2944 2821 2633 2812 2925 3040 3204 3442 3636 3407 3098 2786 2455 2014 1853 1449 1218 1326 1366 1515 1776 1902 1877 1998 2238 2320 2376 2478 2767 2845 2901 3148 3231 3368 3446 3602 3731 3799 3926 4122 4126 4065 3871 3694 3579 3398 3226 3006 2809 2758 2562 2655 2964 3184 3274 3494 3671 3380 3059 2677 2339 1951 1692 1314 ]
K = 7
nk = [ 1 1 1 1 2 3 3 3 4 4 4 4 5 5 5 5 6 6 6 7 ]
First = [ 1 0 0 0 1 1 0 0 1 0 0 0 1 0 0 0 1 0 0 1 ]
Last = [ 0 0 0 1 1 0 0 1 0 0 0 1 0 0 0 1 0 0 1 1 ]
nS = 1
S = [ 0 1 2 3 4 5 6 7 8 9 10 11 12 13 14 15 16 17 18 19 ]
