n = 20 ; 
T = 96 ; 
Init = [ 1 1 1 1 1 1 0 0 0 0 1 1 0 0 0 0 0 0 0 0 ]
L = [ 20 20 20 20 20 11 8 8 8 8 6 6 17 17 17 17 17 17 9 9 ]
l = [ 20 20 20 20 20 11 8 8 8 8 6 6 17 17 17 17 17 17 9 9 ]
Pmin = [ 315 315 315 315 315 171 99 99 99 99 61 61 281 281 281 281 281 281 125 125 ]
Pmax = [ 420 420 420 420 420 228 132 132 132 132 81 81 375 375 375 375 375 375 167 167 ]
cf = [ 44.6697 44.6697 44.6697 44.6697 44.6697 42.344 13.8619 13.8619 13.8619 13.8619 32.3978 32.3978 46.3659 46.3659 46.3659 46.3659 46.3659 46.3659 58.075 58.075 ]
c0 = [ 250 250 250 250 250 177 114 114 114 114 87 87 249 249 249 249 249 249 130 130 ]
cp = [ 8.30162 8.30162 8.30162 8.30162 8.30162 26.6532 38.0023 38.0023 38.0023 38.0023 38.4311 38.4311 12.521 12.521 12.521 12.521 12.521 12.521 37.0737 37.0737 ]
D = [ 1720 1918 1845 2039 2264 2347 2569 2562 2768 2832 3099 3122 3244 3292 3613 3756 3720 3827 4162 4203 4392 4429 4554 4628 4952 4713 4320 4091 3910 3810 3517 3412 3155 2881 2613 2912 3051 3335 3719 3931 4148 3847 3355 2966 2805 2278 2124 1571 1211 1366 1548 1808 1789 1960 2033 2133 2452 2415 2701 2740 2878 2994 3153 3332 3363 3490 3642 3724 3935 4049 4322 4356 4443 4453 4224 3976 3918 3769 3602 3468 3342 3223 2992 3064 3333 3617 3657 3888 4226 3892 3504 3096 2745 2383 2246 1794 ]
K = 6
nk = [ 1 1 1 1 1 2 3 3 3 3 4 4 5 5 5 5 5 5 6 6 ]
First = [ 1 0 0 0 0 1 1 0 0 0 1 0 1 0 0 0 0 0 1 0 ]
Last = [ 0 0 0 0 1 1 0 0 0 1 0 1 0 0 0 0 0 1 0 1 ]
nS = 1
S = [ 0 1 2 3 4 5 6 7 8 9 10 11 12 13 14 15 16 17 18 19 ]
