n = 20 ; 
T = 96 ; 
Init = [ 1 0 1 1 1 1 1 0 0 0 1 1 1 1 1 1 1 1 1 1 ]
L = [ 6 17 12 12 12 12 12 15 15 15 15 15 15 10 10 10 8 12 12 12 ]
l = [ 6 17 12 12 12 12 12 15 15 15 15 15 15 10 10 10 8 12 12 12 ]
Pmin = [ 55 258 188 188 188 188 188 229 229 229 236 236 236 162 162 162 106 188 188 188 ]
Pmax = [ 73 343 250 250 250 250 250 306 306 306 315 315 315 216 216 216 142 250 250 250 ]
cf = [ 46.513 56.3221 25.0334 25.0334 25.0334 25.0334 25.0334 29.9066 29.9066 29.9066 55.5074 55.5074 55.5074 8.81832 8.81832 8.81832 34.0289 53.5973 53.5973 53.5973 ]
c0 = [ 75 235 184 184 184 184 184 195 195 195 206 206 206 157 157 157 120 166 166 166 ]
cp = [ 33.1205 14.6605 25.6921 25.6921 25.6921 25.6921 25.6921 14.7728 14.7728 14.7728 11.8316 11.8316 11.8316 25.7826 25.7826 25.7826 31.1117 23.0892 23.0892 23.0892 ]
D = [ 1185 1414 1510 1748 1865 1829 2045 2194 2260 2491 2519 2638 2748 2839 3061 3149 3168 3297 3483 3633 3805 3886 4078 4220 4332 4169 3872 3771 3525 3391 3049 2970 2740 2571 2404 2565 2838 2960 3145 3360 3589 3377 3082 2793 2547 2147 1821 1674 1242 1523 1612 1584 1756 1930 2047 2070 2292 2314 2497 2534 2780 2710 3011 2964 3070 3172 3344 3531 3630 3806 3838 4032 4174 3878 3700 3600 3476 3243 3129 3039 2770 2629 2600 2795 3121 3298 3604 3834 4122 3681 3223 3030 2606 2334 1979 1547 ]
K = 8
nk = [ 1 2 3 3 3 3 3 4 4 4 5 5 5 6 6 6 7 8 8 8 ]
First = [ 1 1 1 0 0 0 0 1 0 0 1 0 0 1 0 0 1 1 0 0 ]
Last = [ 1 1 0 0 0 0 1 0 0 1 0 0 1 0 0 1 1 0 0 1 ]
nS = 1
S = [ 0 1 2 3 4 5 6 7 8 9 10 11 12 13 14 15 16 17 18 19 ]
