n = 20 ; 
T = 96 ; 
Init = [ 0 0 0 0 1 0 0 0 0 0 0 1 1 0 0 0 1 0 1 1 ]
L = [ 9 9 9 9 11 11 16 16 16 6 6 12 12 18 18 15 9 19 13 13 ]
l = [ 9 9 9 9 11 11 16 16 16 6 6 12 12 18 18 15 9 19 13 13 ]
Pmin = [ 114 114 114 114 150 171 257 257 257 80 80 166 166 292 292 231 109 309 203 203 ]
Pmax = [ 153 153 153 153 200 228 343 343 343 106 106 221 221 389 389 307 146 412 270 270 ]
cf = [ 55.024 55.024 55.024 55.024 66.7544 7.73687 59.3324 59.3324 59.3324 33.4844 33.4844 21.0484 21.0484 47.6715 47.6715 17.4493 59.8402 9.59191 65.6028 65.6028 ]
c0 = [ 141 141 141 141 147 161 240 240 240 91 91 163 163 242 242 209 124 250 199 199 ]
cp = [ 27.6792 27.6792 27.6792 27.6792 33.1154 33.3686 17.2605 17.2605 17.2605 39.8659 39.8659 31.0594 31.0594 12.178 12.178 15.9715 30.7419 11.2392 20.3816 20.3816 ]
D = [ 1346 1400 1423 1661 1804 1907 1981 2161 2276 2315 2414 2686 2808 2813 3021 3183 3166 3338 3559 3635 3769 3857 4035 4022 4109 4075 3883 3559 3410 3234 3167 2830 2783 2419 2395 2615 2871 3046 3323 3572 3860 3528 3145 2846 2594 2296 1841 1450 1247 1324 1542 1565 1638 1719 1977 2061 2066 2371 2399 2424 2696 2688 2910 2905 3115 3134 3357 3370 3532 3590 3877 3876 4005 3949 3748 3569 3407 3300 3061 2846 2699 2560 2447 2668 2907 3152 3339 3662 3898 3625 3290 2917 2715 2288 1989 1683 ]
K = 11
nk = [ 1 1 1 1 2 3 4 4 4 5 5 6 6 7 7 8 9 10 11 11 ]
First = [ 1 0 0 0 1 1 1 0 0 1 0 1 0 1 0 1 1 1 1 0 ]
Last = [ 0 0 0 1 1 1 0 0 1 0 1 0 1 0 1 1 1 1 0 1 ]
nS = 1
S = [ 0 1 2 3 4 5 6 7 8 9 10 11 12 13 14 15 16 17 18 19 ]
