n = 20 ; 
T = 96 ; 
Init = [ 0 0 0 0 0 0 0 0 0 0 0 0 0 1 1 1 1 1 1 1 ]
L = [ 5 5 17 7 7 7 7 7 7 7 7 7 7 8 8 8 8 7 7 7 ]
l = [ 5 5 17 7 7 7 7 7 7 7 7 7 7 8 8 8 8 7 7 7 ]
Pmin = [ 40 40 273 106 106 106 106 95 95 95 95 95 95 91 91 91 91 93 93 93 ]
Pmax = [ 54 54 365 141 141 141 141 127 127 127 127 127 127 121 121 121 121 123 123 123 ]
cf = [ 41.3374 41.3374 38.2529 54.9266 54.9266 54.9266 54.9266 45.1949 45.1949 45.1949 45.1949 45.1949 45.1949 53.2992 53.2992 53.2992 53.2992 9.65297 9.65297 9.65297 ]
c0 = [ 87 87 235 118 118 118 118 103 103 103 103 103 103 109 109 109 109 118 118 118 ]
cp = [ 41.6959 41.6959 26.3939 39.8268 39.8268 39.8268 39.8268 31.8877 31.8877 31.8877 31.8877 31.8877 31.8877 31.6814 31.6814 31.6814 31.6814 32.682 32.682 32.682 ]
D = [ 762 798 879 935 985 1064 1057 1208 1209 1292 1350 1384 1450 1514 1603 1663 1718 1694 1818 1859 1930 1966 2049 2102 2110 2008 2002 1892 1813 1787 1652 1646 1599 1488 1375 1504 1598 1710 1826 1971 2109 1932 1653 1505 1335 1089 944 772 637 687 694 762 878 953 1014 1070 1189 1210 1292 1372 1459 1559 1624 1712 1819 1812 1928 2043 2048 2201 2224 2275 2362 2319 2150 2053 1900 1816 1700 1570 1461 1383 1246 1419 1584 1673 1828 1931 2072 1917 1708 1543 1307 1088 937 733 ]
K = 6
nk = [ 1 1 2 3 3 3 3 4 4 4 4 4 4 5 5 5 5 6 6 6 ]
First = [ 1 0 1 1 0 0 0 1 0 0 0 0 0 1 0 0 0 1 0 0 ]
Last = [ 0 1 1 0 0 0 1 0 0 0 0 0 1 0 0 0 1 0 0 1 ]
nS = 1
S = [ 0 1 2 3 4 5 6 7 8 9 10 11 12 13 14 15 16 17 18 19 ]
