n = 20 ; 
T = 96 ; 
Init = [ 1 1 1 1 1 1 1 1 0 0 0 0 0 0 0 0 0 0 0 0 ]
L = [ 13 13 13 13 13 8 8 8 7 7 7 12 10 10 20 11 11 11 10 4 ]
l = [ 13 13 13 13 13 8 8 8 7 7 7 12 10 10 20 11 11 11 10 4 ]
Pmin = [ 205 205 205 205 205 110 110 110 84 84 84 174 128 128 315 153 153 153 134 33 ]
Pmax = [ 274 274 274 274 274 146 146 146 112 112 112 232 171 171 420 204 204 204 178 44 ]
cf = [ 12.6029 12.6029 12.6029 12.6029 12.6029 62.203 62.203 62.203 24.7656 24.7656 24.7656 29.3425 7.68528 7.68528 29.2653 56.2329 56.2329 56.2329 54.3526 44.9684 ]
c0 = [ 194 194 194 194 194 126 126 126 107 107 107 171 132 132 250 145 145 145 132 71 ]
cp = [ 28.299 28.299 28.299 28.299 28.299 36.5366 36.5366 36.5366 28.5567 28.5567 28.5567 19.8412 27.7255 27.7255 10.7671 27.8325 27.8325 27.8325 39.2463 41.1237 ]
D = [ 939 960 1167 1227 1337 1396 1566 1642 1766 1947 1969 2147 2238 2254 2409 2611 2723 2746 2881 3001 3073 3175 3257 3334 3566 3397 3202 3111 2956 2745 2633 2467 2329 2157 2101 2273 2362 2518 2658 2921 2991 2801 2574 2383 2101 1920 1664 1385 1135 1290 1349 1522 1467 1581 1742 1780 1926 2065 2109 2227 2295 2347 2546 2606 2632 2771 2894 2967 3115 3125 3311 3357 3348 3248 3178 2933 2803 2667 2582 2396 2163 2043 1936 2048 2283 2420 2635 2921 3104 2806 2495 2190 1849 1644 1304 1055 ]
K = 9
nk = [ 1 1 1 1 1 2 2 2 3 3 3 4 5 5 6 7 7 7 8 9 ]
First = [ 1 0 0 0 0 1 0 0 1 0 0 1 1 0 1 1 0 0 1 1 ]
Last = [ 0 0 0 0 1 0 0 1 0 0 1 1 0 1 1 0 0 1 1 1 ]
nS = 1
S = [ 0 1 2 3 4 5 6 7 8 9 10 11 12 13 14 15 16 17 18 19 ]
