n = 20 ; 
T = 96 ; 
Init = [ 0 0 0 0 0 0 0 0 0 1 1 1 0 0 0 0 0 0 0 0 ]
L = [ 9 9 9 14 14 14 5 5 5 5 5 9 15 15 15 15 15 12 12 12 ]
l = [ 9 9 9 14 14 14 5 5 5 5 5 9 15 15 15 15 15 12 12 12 ]
Pmin = [ 122 122 122 205 205 205 48 48 48 51 51 126 244 244 244 244 244 196 196 196 ]
Pmax = [ 163 163 163 273 273 273 64 64 64 68 68 168 326 326 326 326 326 261 261 261 ]
cf = [ 40.7766 40.7766 40.7766 9.03643 9.03643 9.03643 47.7298 47.7298 47.7298 52.5102 52.5102 26.0545 18.4391 18.4391 18.4391 18.4391 18.4391 32.0469 32.0469 32.0469 ]
c0 = [ 134 134 134 175 175 175 97 97 97 75 75 131 230 230 230 230 230 196 196 196 ]
cp = [ 32.6096 32.6096 32.6096 17.9204 17.9204 17.9204 38.8824 38.8824 38.8824 39.7329 39.7329 27.7256 18.887 18.887 18.887 18.887 18.887 19.6686 19.6686 19.6686 ]
D = [ 1099 1036 1257 1312 1503 1537 1707 1644 1782 1965 2000 2117 2167 2376 2515 2534 2714 2717 2773 2876 2981 3152 3323 3399 3508 3376 3152 3114 3032 2809 2642 2658 2438 2391 2192 2340 2504 2652 2805 3005 3065 2890 2508 2254 2019 1673 1506 1180 912 1003 1087 1213 1373 1544 1544 1775 1734 1875 2010 2216 2282 2412 2459 2519 2649 2742 2876 3108 3095 3252 3355 3442 3539 3508 3342 3249 3001 2840 2711 2654 2472 2314 2103 2263 2457 2596 2707 2917 3084 2813 2543 2259 2007 1840 1504 1269 ]
K = 7
nk = [ 1 1 1 2 2 2 3 3 3 4 4 5 6 6 6 6 6 7 7 7 ]
First = [ 1 0 0 1 0 0 1 0 0 1 0 1 1 0 0 0 0 1 0 0 ]
Last = [ 0 0 1 0 0 1 0 0 1 0 1 1 0 0 0 0 1 0 0 1 ]
nS = 1
S = [ 0 1 2 3 4 5 6 7 8 9 10 11 12 13 14 15 16 17 18 19 ]
