n = 20 ; 
T = 96 ; 
Init = [ 1 1 1 1 0 0 0 0 1 0 0 0 0 0 0 0 1 1 1 1 ]
L = [ 10 10 10 10 20 20 20 20 19 17 17 17 19 19 19 19 19 19 5 5 ]
l = [ 10 10 10 10 20 20 20 20 19 17 17 17 19 19 19 19 19 19 5 5 ]
Pmin = [ 155 155 155 155 315 315 315 315 295 271 271 271 314 314 314 314 291 291 55 55 ]
Pmax = [ 206 206 206 206 420 420 420 420 394 361 361 361 419 419 419 419 388 388 73 73 ]
cf = [ 12.1909 12.1909 12.1909 12.1909 31.6389 31.6389 31.6389 31.6389 48.5618 60.1392 60.1392 60.1392 16.1557 16.1557 16.1557 16.1557 37.1024 37.1024 63.0235 63.0235 ]
c0 = [ 163 163 163 163 250 250 250 250 242 231 231 231 250 250 250 250 249 249 86 86 ]
cp = [ 24.5712 24.5712 24.5712 24.5712 9.27712 9.27712 9.27712 9.27712 13.093 11.3949 11.3949 11.3949 9.50063 9.50063 9.50063 9.50063 10.5086 10.5086 37.0527 37.0527 ]
D = [ 1422 1655 1876 2015 2122 2270 2577 2764 2983 3075 3342 3385 3585 3866 3898 4186 4436 4556 4645 4796 5003 5132 5298 5560 5897 5413 5315 5088 4939 4533 4256 4041 3952 3716 3461 3549 3795 4181 4540 4825 5123 4653 4147 3812 3442 3052 2825 2262 1938 2125 2179 2384 2452 2784 2818 2984 3019 3343 3398 3438 3749 3882 3896 4058 4279 4305 4493 4625 4789 5024 5167 5322 5449 5302 5015 4835 4477 4412 3982 3924 3637 3378 3117 3513 3677 4065 4218 4533 4837 4486 4020 3550 3187 2852 2398 2109 ]
K = 7
nk = [ 1 1 1 1 2 2 2 2 3 4 4 4 5 5 5 5 6 6 7 7 ]
First = [ 1 0 0 0 1 0 0 0 1 1 0 0 1 0 0 0 1 0 1 0 ]
Last = [ 0 0 0 1 0 0 0 1 1 0 0 1 0 0 0 1 0 1 0 1 ]
nS = 1
S = [ 0 1 2 3 4 5 6 7 8 9 10 11 12 13 14 15 16 17 18 19 ]
