n = 20 ; 
T = 96 ; 
Init = [ 0 0 0 0 0 1 1 0 0 0 1 1 0 0 0 0 0 0 1 1 ]
L = [ 19 11 11 11 11 19 19 15 15 15 20 20 7 7 7 7 11 11 4 4 ]
l = [ 19 11 11 11 11 19 19 15 15 15 20 20 7 7 7 7 11 11 4 4 ]
Pmin = [ 315 161 161 161 161 298 298 239 239 239 315 315 88 88 88 88 154 154 30 30 ]
Pmax = [ 420 215 215 215 215 397 397 319 319 319 420 420 117 117 117 117 206 206 39 39 ]
cf = [ 14.1309 42.4197 42.4197 42.4197 42.4197 19.8795 19.8795 29.9386 29.9386 29.9386 17.4125 17.4125 33.9844 33.9844 33.9844 33.9844 8.99721 8.99721 36.0454 36.0454 ]
c0 = [ 250 154 154 154 154 250 250 217 217 217 250 250 103 103 103 103 137 137 59 59 ]
cp = [ 11.4406 30.1525 30.1525 30.1525 30.1525 11.4724 11.4724 18.354 18.354 18.354 8.8376 8.8376 36.8844 36.8844 36.8844 36.8844 31.9952 31.9952 41.7779 41.7779 ]
D = [ 1091 1193 1430 1466 1534 1665 1832 1987 2048 2246 2362 2475 2403 2602 2643 2763 2940 3157 3238 3236 3452 3492 3667 3754 3954 3677 3662 3524 3341 3261 2981 2999 2714 2748 2496 2658 2817 3111 3120 3419 3604 3150 2984 2712 2343 2103 1643 1530 1189 1352 1290 1593 1684 1812 1874 2019 2196 2219 2407 2560 2659 2649 2795 3023 3049 3328 3381 3444 3662 3740 3925 4006 4115 4008 3771 3594 3555 3385 3130 3026 2897 2650 2533 2685 2757 2893 3067 3192 3421 3207 2909 2468 2313 1845 1702 1256 ]
K = 8
nk = [ 1 2 2 2 2 3 3 4 4 4 5 5 6 6 6 6 7 7 8 8 ]
First = [ 1 1 0 0 0 1 0 1 0 0 1 0 1 0 0 0 1 0 1 0 ]
Last = [ 1 0 0 0 1 0 1 0 0 1 0 1 0 0 0 1 0 1 0 1 ]
nS = 1
S = [ 0 1 2 3 4 5 6 7 8 9 10 11 12 13 14 15 16 17 18 19 ]
