n = 20 ; 
T = 96 ; 
Init = [ 0 0 0 0 0 0 0 0 0 0 0 0 0 0 0 0 0 0 0 1 ]
L = [ 11 11 11 11 11 7 7 7 18 18 18 12 12 12 12 12 12 15 15 10 ]
l = [ 11 11 11 11 11 7 7 7 18 18 18 12 12 12 12 12 12 15 15 10 ]
Pmin = [ 145 145 145 145 145 71 71 71 307 307 307 170 170 170 170 170 170 238 238 120 ]
Pmax = [ 194 194 194 194 194 95 95 95 409 409 409 226 226 226 226 226 226 317 317 159 ]
cf = [ 9.06061 9.06061 9.06061 9.06061 9.06061 15.8864 15.8864 15.8864 22.3303 22.3303 22.3303 41.4872 41.4872 41.4872 41.4872 41.4872 41.4872 45.1964 45.1964 27.3527 ]
c0 = [ 167 167 167 167 167 87 87 87 250 250 250 181 181 181 181 181 181 224 224 144 ]
cp = [ 36.1719 36.1719 36.1719 36.1719 36.1719 34.9642 34.9642 34.9642 11.339 11.339 11.339 30.9625 30.9625 30.9625 30.9625 30.9625 30.9625 22.5877 22.5877 31.4292 ]
D = [ 969 1248 1347 1436 1506 1610 1790 1880 2003 2054 2155 2411 2384 2522 2630 2715 2870 3030 3070 3305 3407 3574 3691 3725 3797 3756 3590 3439 3217 3004 2926 2765 2714 2434 2246 2509 2760 2994 3231 3303 3473 3191 2899 2607 2348 2048 1725 1504 1146 1206 1413 1464 1697 1718 1885 2056 2152 2125 2397 2364 2487 2629 2826 2977 2965 3212 3326 3330 3398 3517 3744 3809 3903 3739 3562 3456 3302 3154 2998 2855 2652 2402 2196 2460 2651 2848 2983 3154 3395 3037 2781 2564 2234 1874 1693 1421 ]
K = 6
nk = [ 1 1 1 1 1 2 2 2 3 3 3 4 4 4 4 4 4 5 5 6 ]
First = [ 1 0 0 0 0 1 0 0 1 0 0 1 0 0 0 0 0 1 0 1 ]
Last = [ 0 0 0 0 1 0 0 1 0 0 1 0 0 0 0 0 1 0 1 1 ]
nS = 1
S = [ 0 1 2 3 4 5 6 7 8 9 10 11 12 13 14 15 16 17 18 19 ]
