n = 20 ; 
T = 96 ; 
Init = [ 1 1 1 1 1 1 1 1 1 1 1 1 0 0 1 1 1 1 1 1 ]
L = [ 13 13 13 13 13 13 6 20 20 14 14 14 16 16 19 19 19 14 14 14 ]
l = [ 13 13 13 13 13 13 6 20 20 14 14 14 16 16 19 19 19 14 14 14 ]
Pmin = [ 203 203 203 203 203 203 84 315 315 195 195 195 265 265 310 310 310 216 216 216 ]
Pmax = [ 270 270 270 270 270 270 111 420 420 260 260 260 354 354 413 413 413 288 288 288 ]
cf = [ 20.0023 20.0023 20.0023 20.0023 20.0023 20.0023 17.4941 52.7395 52.7395 65.3109 65.3109 65.3109 52.9656 52.9656 26.2439 26.2439 26.2439 32.5702 32.5702 32.5702 ]
c0 = [ 199 199 199 199 199 199 112 250 250 183 183 183 240 240 250 250 250 202 202 202 ]
cp = [ 27.4965 27.4965 27.4965 27.4965 27.4965 27.4965 29.837 13.1344 13.1344 24.187 24.187 24.187 12.2145 12.2145 8.81097 8.81097 8.81097 26.4134 26.4134 26.4134 ]
D = [ 1360 1325 1565 1679 1896 2089 2211 2419 2503 2675 2834 3060 3257 3238 3600 3586 3773 4036 4116 4248 4450 4551 4794 5031 5091 4959 4776 4517 4334 3965 3959 3682 3363 3191 2867 3317 3396 3745 3996 4245 4605 4195 3603 3340 2997 2361 2169 1607 1152 1299 1676 1810 1986 2070 2233 2252 2542 2640 2799 2881 3114 3222 3377 3705 3811 3961 4149 4252 4463 4547 4713 4940 4992 4887 4624 4449 4159 4055 3708 3562 3448 3320 2904 3281 3550 3859 4097 4253 4503 4340 3771 3447 2989 2664 2265 2002 ]
K = 7
nk = [ 1 1 1 1 1 1 2 3 3 4 4 4 5 5 6 6 6 7 7 7 ]
First = [ 1 0 0 0 0 0 1 1 0 1 0 0 1 0 1 0 0 1 0 0 ]
Last = [ 0 0 0 0 0 1 1 0 1 0 0 1 0 1 0 0 1 0 0 1 ]
nS = 1
S = [ 0 1 2 3 4 5 6 7 8 9 10 11 12 13 14 15 16 17 18 19 ]
