n = 20 ; 
T = 96 ; 
Init = [ 0 0 1 1 1 1 1 0 0 0 0 0 0 1 1 0 0 0 0 0 ]
L = [ 14 14 12 12 12 12 12 18 5 5 6 6 6 12 12 17 20 20 20 20 ]
l = [ 14 14 12 12 12 12 12 18 5 5 6 6 6 12 12 17 20 20 20 20 ]
Pmin = [ 213 213 191 191 191 191 191 286 48 48 69 69 69 199 199 251 315 315 315 315 ]
Pmax = [ 283 283 255 255 255 255 255 381 64 64 91 91 91 266 266 334 420 420 420 420 ]
cf = [ 69.9127 69.9127 11.6532 11.6532 11.6532 11.6532 11.6532 30.7689 10.0593 10.0593 67.5709 67.5709 67.5709 21.9544 21.9544 29.0814 52.4462 52.4462 52.4462 52.4462 ]
c0 = [ 191 191 175 175 175 175 175 231 85 85 102 102 102 182 182 235 250 250 250 250 ]
cp = [ 13.0298 13.0298 15.2177 15.2177 15.2177 15.2177 15.2177 13.9336 37.1121 37.1121 38.9433 38.9433 38.9433 16.7642 16.7642 11.2122 8.21869 8.21869 8.21869 8.21869 ]
D = [ 1498 1643 1786 1801 1926 2172 2155 2296 2398 2520 2643 2801 2947 2940 3177 3322 3343 3407 3549 3754 3781 3919 4176 4311 4397 4058 4028 3840 3598 3333 3181 2936 2903 2569 2428 2627 2853 3216 3438 3647 3807 3671 3352 2971 2502 2303 1948 1589 1362 1494 1611 1790 1873 1991 2117 2330 2484 2554 2717 2726 2842 2961 3159 3395 3493 3657 3809 3890 4060 4157 4301 4391 4458 4448 4074 4015 3852 3664 3412 3235 3044 2774 2639 2829 3179 3261 3528 3898 4120 3646 3328 3176 2686 2430 2172 1851 ]
K = 8
nk = [ 1 1 2 2 2 2 2 3 4 4 5 5 5 6 6 7 8 8 8 8 ]
First = [ 1 0 1 0 0 0 0 1 1 0 1 0 0 1 0 1 1 0 0 0 ]
Last = [ 0 1 0 0 0 0 1 1 0 1 0 0 1 0 1 1 0 0 0 1 ]
nS = 1
S = [ 0 1 2 3 4 5 6 7 8 9 10 11 12 13 14 15 16 17 18 19 ]
