n = 20 ; 
T = 96 ; 
Init = [ 0 0 0 0 1 1 0 0 0 0 0 0 0 0 0 0 0 0 0 0 ]
L = [ 17 17 17 17 17 17 10 10 8 8 6 6 8 8 8 8 8 18 18 18 ]
l = [ 17 17 17 17 17 17 10 10 8 8 6 6 8 8 8 8 8 18 18 18 ]
Pmin = [ 280 280 280 280 275 275 155 155 106 106 56 56 126 126 126 126 126 301 301 301 ]
Pmax = [ 374 374 374 374 366 366 207 207 142 142 75 75 168 168 168 168 168 401 401 401 ]
cf = [ 45.8284 45.8284 45.8284 45.8284 25.0357 25.0357 27.4597 27.4597 34.0941 34.0941 35.3517 35.3517 8.59125 8.59125 8.59125 8.59125 8.59125 39.7699 39.7699 39.7699 ]
c0 = [ 237 237 237 237 250 250 158 158 118 118 103 103 145 145 145 145 145 250 250 250 ]
cp = [ 14.9097 14.9097 14.9097 14.9097 9.04134 9.04134 30.6935 30.6935 35.5397 35.5397 35.4268 35.4268 27.436 27.436 27.436 27.436 27.436 9.38965 9.38965 9.38965 ]
D = [ 1237 1479 1616 1720 1880 2038 2032 2125 2290 2511 2608 2686 2803 2912 3167 3163 3414 3479 3715 3764 3834 4054 4241 4287 4480 4295 4173 3913 3694 3570 3451 3205 2987 2875 2603 2775 3050 3206 3340 3651 3692 3516 3088 2839 2640 2338 1954 1671 1440 1553 1645 1751 1919 1927 1991 2211 2277 2478 2657 2787 2893 2855 3078 3157 3275 3421 3564 3599 3821 4014 3946 4164 4273 4125 3975 3804 3593 3313 3253 3034 2950 2655 2421 2818 3052 3196 3487 3869 4092 3599 3352 2923 2474 2123 1856 1404 ]
K = 7
nk = [ 1 1 1 1 2 2 3 3 4 4 5 5 6 6 6 6 6 7 7 7 ]
First = [ 1 0 0 0 1 0 1 0 1 0 1 0 1 0 0 0 0 1 0 0 ]
Last = [ 0 0 0 1 0 1 0 1 0 1 0 1 0 0 0 0 1 0 0 1 ]
nS = 1
S = [ 0 1 2 3 4 5 6 7 8 9 10 11 12 13 14 15 16 17 18 19 ]
