n = 20 ; 
T = 96 ; 
Init = [ 1 1 0 0 0 0 0 0 0 0 0 0 0 0 0 0 0 0 0 0 ]
L = [ 16 16 8 8 20 20 20 20 20 5 5 5 5 5 10 10 10 10 10 20 ]
l = [ 16 16 8 8 20 20 20 20 20 5 5 5 5 5 10 10 10 10 10 20 ]
Pmin = [ 246 246 103 103 315 315 315 315 315 38 38 38 38 38 131 131 131 131 131 315 ]
Pmax = [ 328 328 138 138 420 420 420 420 420 51 51 51 51 51 175 175 175 175 175 420 ]
cf = [ 61.0098 61.0098 38.4853 38.4853 18.7138 18.7138 18.7138 18.7138 18.7138 8.83299 8.83299 8.83299 8.83299 8.83299 44.5019 44.5019 44.5019 44.5019 44.5019 26.9968 ]
c0 = [ 211 211 121 121 250 250 250 250 250 63 63 63 63 63 144 144 144 144 144 250 ]
cp = [ 20.5418 20.5418 36.0481 36.0481 9.20596 9.20596 9.20596 9.20596 9.20596 39.5618 39.5618 39.5618 39.5618 39.5618 32.3041 32.3041 32.3041 32.3041 32.3041 9.42011 ]
D = [ 891 1129 1148 1274 1339 1569 1595 1777 1950 1947 2050 2172 2394 2514 2659 2624 2793 2992 2972 3090 3222 3461 3517 3676 3690 3551 3540 3254 3186 2980 2880 2797 2714 2517 2444 2596 2618 2924 2960 3221 3226 2998 2648 2508 2101 1781 1674 1320 971 1188 1177 1341 1499 1521 1752 1840 1897 1998 2138 2318 2297 2439 2489 2625 2835 2812 2985 3067 3162 3295 3437 3495 3621 3615 3457 3178 3104 3009 2712 2693 2521 2286 2137 2406 2660 2843 3090 3473 3646 3379 3104 2785 2366 2214 1920 1601 ]
K = 6
nk = [ 1 1 2 2 3 3 3 3 3 4 4 4 4 4 5 5 5 5 5 6 ]
First = [ 1 0 1 0 1 0 0 0 0 1 0 0 0 0 1 0 0 0 0 1 ]
Last = [ 0 1 0 1 0 0 0 0 1 0 0 0 0 1 0 0 0 0 1 1 ]
nS = 1
S = [ 0 1 2 3 4 5 6 7 8 9 10 11 12 13 14 15 16 17 18 19 ]
