n = 20 ; 
T = 96 ; 
Init = [ 1 1 1 1 0 1 1 1 1 1 1 0 0 0 0 1 0 0 1 1 ]
L = [ 10 19 19 19 6 15 15 13 13 13 13 12 12 12 12 6 10 10 13 13 ]
l = [ 10 19 19 19 6 15 15 13 13 13 13 12 12 12 12 6 10 10 13 13 ]
Pmin = [ 157 315 315 315 82 250 250 201 201 201 201 191 191 191 191 72 156 156 218 218 ]
Pmax = [ 209 420 420 420 109 334 334 268 268 268 268 255 255 255 255 96 208 208 290 290 ]
cf = [ 10.5281 9.72122 9.72122 9.72122 65.7344 7.70594 7.70594 40.8374 40.8374 40.8374 40.8374 48.1332 48.1332 48.1332 48.1332 38.8915 48.5614 48.5614 59.9829 59.9829 ]
c0 = [ 148 250 250 250 89 218 218 190 190 190 190 184 184 184 184 93 153 153 212 212 ]
cp = [ 30.5925 9.14542 9.14542 9.14542 38.597 19.282 19.282 23.2523 23.2523 23.2523 23.2523 20.2945 20.2945 20.2945 20.2945 37.0332 26.4917 26.4917 19.15 19.15 ]
D = [ 1286 1486 1538 1671 1971 2010 2119 2417 2431 2558 2752 3009 3104 3115 3411 3481 3706 3708 3871 4142 4251 4442 4619 4720 4873 4680 4309 4057 3992 3626 3560 3186 3092 2932 2546 2868 3081 3354 3612 3910 4165 3880 3480 3309 2890 2640 2178 1838 1649 1637 1708 2012 2064 2101 2342 2463 2653 2737 2766 3014 3147 3238 3438 3585 3673 3693 3834 3968 4137 4222 4486 4520 4691 4404 4268 4000 3830 3597 3478 3240 3081 2903 2622 3003 3134 3365 3520 3711 3896 3605 3351 2977 2646 2245 1887 1514 ]
K = 9
nk = [ 1 2 2 2 3 4 4 5 5 5 5 6 6 6 6 7 8 8 9 9 ]
First = [ 1 1 0 0 1 1 0 1 0 0 0 1 0 0 0 1 1 0 1 0 ]
Last = [ 1 0 0 1 1 0 1 0 0 0 1 0 0 0 1 1 0 1 0 1 ]
nS = 1
S = [ 0 1 2 3 4 5 6 7 8 9 10 11 12 13 14 15 16 17 18 19 ]
