n = 20 ; 
T = 96 ; 
Init = [ 0 0 0 0 1 1 1 1 0 0 0 0 1 1 0 0 0 0 0 0 ]
L = [ 4 4 4 4 6 9 9 9 17 17 17 5 19 19 18 18 18 18 8 8 ]
l = [ 4 4 4 4 6 9 9 9 17 17 17 5 19 19 18 18 18 18 8 8 ]
Pmin = [ 19 19 19 19 61 129 129 129 271 271 271 31 294 294 297 297 297 297 106 106 ]
Pmax = [ 25 25 25 25 82 171 171 171 361 361 361 42 392 392 396 396 396 396 141 141 ]
cf = [ 21.442 21.442 21.442 21.442 34.3534 42.3852 42.3852 42.3852 17.8491 17.8491 17.8491 48.6152 11.5666 11.5666 22.9654 22.9654 22.9654 22.9654 7.89811 7.89811 ]
c0 = [ 45 45 45 45 69 141 141 141 228 228 228 60 250 250 250 250 250 250 101 101 ]
cp = [ 41.5171 41.5171 41.5171 41.5171 36.511 35.4169 35.4169 35.4169 16.7188 16.7188 16.7188 36.8737 13.199 13.199 19.9242 19.9242 19.9242 19.9242 29.2656 29.2656 ]
D = [ 1320 1457 1549 1529 1714 1703 1862 1905 2095 2184 2314 2399 2521 2609 2714 2807 2759 2911 3098 3216 3187 3259 3363 3450 3625 3453 3421 3266 3101 2835 2814 2613 2566 2360 2221 2444 2670 2775 3123 3263 3539 3218 2822 2601 2269 2061 1656 1359 1063 1189 1343 1457 1514 1655 1747 1860 1943 2155 2185 2384 2420 2454 2659 2761 2923 3050 3031 3175 3389 3453 3570 3701 3842 3513 3521 3198 3075 2927 2748 2658 2524 2209 2121 2278 2515 2750 2908 3117 3274 2893 2732 2357 2077 1832 1626 1218 ]
K = 8
nk = [ 1 1 1 1 2 3 3 3 4 4 4 5 6 6 7 7 7 7 8 8 ]
First = [ 1 0 0 0 1 1 0 0 1 0 0 1 1 0 1 0 0 0 1 0 ]
Last = [ 0 0 0 1 1 0 0 1 0 0 1 1 0 1 0 0 0 1 0 1 ]
nS = 1
S = [ 0 1 2 3 4 5 6 7 8 9 10 11 12 13 14 15 16 17 18 19 ]
