n = 20 ; 
T = 96 ; 
Init = [ 1 1 1 0 0 0 1 1 1 1 1 1 1 1 1 1 1 1 1 1 ]
L = [ 19 19 19 19 19 19 19 11 11 11 11 16 5 5 5 17 17 13 13 13 ]
l = [ 19 19 19 19 19 19 19 11 11 11 11 16 5 5 5 17 17 13 13 13 ]
Pmin = [ 315 315 315 314 314 314 296 165 165 165 165 250 43 43 43 281 281 219 219 219 ]
Pmax = [ 420 420 420 419 419 419 395 220 220 220 220 333 58 58 58 375 375 291 291 291 ]
cf = [ 42.0407 42.0407 42.0407 45.5821 45.5821 45.5821 30.2506 34.7135 34.7135 34.7135 34.7135 45.2113 11.9013 11.9013 11.9013 54.2051 54.2051 10.0222 10.0222 10.0222 ]
c0 = [ 250 250 250 250 250 250 250 167 167 167 167 226 83 83 83 250 250 186 186 186 ]
cp = [ 8.28859 8.28859 8.28859 9.96838 9.96838 9.96838 9.6265 25.2226 25.2226 25.2226 25.2226 18.0689 37.5494 37.5494 37.5494 18.474 18.474 15.8999 15.8999 15.8999 ]
D = [ 1448 1738 1932 1931 2083 2352 2488 2654 2628 2782 2986 3072 3148 3424 3627 3562 3776 3989 4103 4358 4458 4516 4629 4924 4931 4664 4609 4382 4126 4148 3972 3604 3538 3413 3139 3253 3662 3788 3926 4167 4542 4108 3658 3332 2794 2406 2109 1644 1315 1448 1484 1596 1856 2084 2122 2349 2582 2670 2777 3067 3299 3295 3532 3666 3812 4065 4112 4470 4448 4815 4809 5045 5289 5064 4756 4448 4283 4024 3955 3582 3289 3088 2895 3214 3593 3790 4167 4375 4728 4370 3787 3530 3000 2723 2432 1879 ]
K = 8
nk = [ 1 1 1 2 2 2 3 4 4 4 4 5 6 6 6 7 7 8 8 8 ]
First = [ 1 0 0 1 0 0 1 1 0 0 0 1 1 0 0 1 0 1 0 0 ]
Last = [ 0 0 1 0 0 1 1 0 0 0 1 1 0 0 1 0 1 0 0 1 ]
nS = 1
S = [ 0 1 2 3 4 5 6 7 8 9 10 11 12 13 14 15 16 17 18 19 ]
