n = 20 ; 
T = 96 ; 
Init = [ 0 0 1 0 0 0 0 1 1 1 0 0 0 0 0 0 0 0 0 1 ]
L = [ 20 20 17 19 19 19 19 17 17 17 14 14 14 14 14 14 14 14 14 10 ]
l = [ 20 20 17 19 19 19 19 17 17 17 14 14 14 14 14 14 14 14 14 10 ]
Pmin = [ 315 315 270 315 315 315 315 288 288 288 219 219 219 219 219 219 219 219 219 153 ]
Pmax = [ 420 420 360 420 420 420 420 384 384 384 292 292 292 292 292 292 292 292 292 204 ]
cf = [ 53.8514 53.8514 33.4069 15.0478 15.0478 15.0478 15.0478 44.5896 44.5896 44.5896 55.5574 55.5574 55.5574 55.5574 55.5574 55.5574 55.5574 55.5574 55.5574 37.3828 ]
c0 = [ 250 250 247 250 250 250 250 249 249 249 193 193 193 193 193 193 193 193 193 143 ]
cp = [ 9.67645 9.67645 9.54588 15.8336 15.8336 15.8336 15.8336 11.9072 11.9072 11.9072 16.8791 16.8791 16.8791 16.8791 16.8791 16.8791 16.8791 16.8791 16.8791 27.8978 ]
D = [ 1882 1882 2237 2173 2344 2638 2901 2984 3198 3315 3445 3580 3809 3912 4300 4454 4540 4745 4963 5219 5382 5513 5626 5721 5939 5770 5586 5224 4906 4798 4573 4451 4168 3849 3488 3930 4184 4364 4439 4732 4855 4531 4156 3704 3308 2872 2399 2189 1642 1739 1903 2098 2520 2556 2668 2942 3262 3213 3437 3673 3772 3944 4215 4550 4578 4923 4887 5275 5381 5577 5704 5783 6190 5808 5730 5406 5030 4945 4557 4400 4227 3818 3672 3988 4231 4539 4669 5048 5121 4883 4356 3935 3684 3243 2698 2290 ]
K = 6
nk = [ 1 1 2 3 3 3 3 4 4 4 5 5 5 5 5 5 5 5 5 6 ]
First = [ 1 0 1 1 0 0 0 1 0 0 1 0 0 0 0 0 0 0 0 1 ]
Last = [ 0 1 1 0 0 0 1 0 0 1 0 0 0 0 0 0 0 0 1 1 ]
nS = 1
S = [ 0 1 2 3 4 5 6 7 8 9 10 11 12 13 14 15 16 17 18 19 ]
