n = 20 ; 
T = 96 ; 
Init = [ 1 1 1 1 1 1 1 1 0 1 0 0 0 0 0 0 0 0 0 0 ]
L = [ 19 19 19 19 5 4 4 19 10 9 9 9 9 9 4 4 5 5 15 15 ]
l = [ 19 19 19 19 5 4 4 19 10 9 9 9 9 9 4 4 5 5 15 15 ]
Pmin = [ 314 314 314 314 32 22 22 315 151 104 131 131 131 131 26 26 48 48 235 235 ]
Pmax = [ 419 419 419 419 42 30 30 420 201 139 174 174 174 174 34 34 64 64 314 314 ]
cf = [ 58.508 58.508 58.508 58.508 34.1392 61.1484 61.1484 35.1791 59.6675 26.9441 62.7132 62.7132 62.7132 62.7132 29.6747 29.6747 29.2022 29.2022 31.6405 31.6405 ]
c0 = [ 250 250 250 250 60 63 63 250 150 113 135 135 135 135 58 58 71 71 221 221 ]
cp = [ 8.90338 8.90338 8.90338 8.90338 35.5465 39.5071 39.5071 10.0312 32.1211 36.9866 29.7196 29.7196 29.7196 29.7196 40.9236 40.9236 36.1107 36.1107 22.5061 22.5061 ]
D = [ 786 929 1044 1137 1266 1351 1412 1478 1633 1789 1918 1988 2075 2119 2188 2443 2516 2614 2748 2832 2882 2992 3036 3228 3244 3104 3081 2897 2760 2702 2445 2393 2215 2134 1910 2239 2298 2514 2646 2920 3029 2891 2513 2312 1954 1706 1496 1271 859 1025 1148 1216 1327 1397 1621 1643 1749 1889 2025 2181 2227 2343 2370 2608 2668 2781 2779 2971 3141 3207 3313 3343 3471 3373 3172 3143 2911 2841 2589 2491 2318 2244 2108 2228 2407 2515 2713 2728 2870 2726 2419 2291 1994 1770 1611 1429 ]
K = 10
nk = [ 1 1 1 1 2 3 3 4 5 6 7 7 7 7 8 8 9 9 10 10 ]
First = [ 1 0 0 0 1 1 0 1 1 1 1 0 0 0 1 0 1 0 1 0 ]
Last = [ 0 0 0 1 1 0 1 1 1 1 0 0 0 1 0 1 0 1 0 1 ]
nS = 1
S = [ 0 1 2 3 4 5 6 7 8 9 10 11 12 13 14 15 16 17 18 19 ]
