n = 20 ; 
T = 96 ; 
Init = [ 0 0 1 1 1 1 1 1 0 0 0 0 0 1 1 1 1 0 0 0 ]
L = [ 13 13 14 14 14 8 8 19 10 10 10 10 10 20 20 20 20 18 18 18 ]
l = [ 13 13 14 14 14 8 8 19 10 10 10 10 10 20 20 20 20 18 18 18 ]
Pmin = [ 187 187 211 211 211 91 91 308 149 149 149 149 149 315 315 315 315 311 311 311 ]
Pmax = [ 249 249 281 281 281 121 121 411 199 199 199 199 198 420 420 420 420 414 414 414 ]
cf = [ 27.9824 27.9824 47.702 47.702 47.702 19.7724 19.7724 59.8136 60.971 60.971 60.971 60.971 49.318 55.4948 55.4948 55.4948 55.4948 61.5391 61.5391 61.5391 ]
c0 = [ 177 177 188 188 188 120 120 250 151 151 151 151 154 250 250 250 250 250 250 250 ]
cp = [ 26.9485 26.9485 22.2003 22.2003 22.2003 34.2357 34.2357 11.1598 24.7928 24.7928 24.7928 24.7928 22.9218 9.26307 9.26307 9.26307 9.26307 15.8517 15.8517 15.8517 ]
D = [ 1522 1514 1870 1982 2129 2167 2275 2496 2666 2924 2913 3039 3321 3332 3682 3664 3972 4117 4258 4350 4406 4547 4723 4856 5020 4830 4724 4387 4286 4029 3853 3615 3437 3230 3190 3175 3496 3580 3872 4212 4406 3959 3463 3212 2862 2330 2147 1719 1310 1414 1507 1811 2008 1965 2130 2271 2488 2615 2778 2988 3039 3219 3310 3479 3747 3740 3899 4093 4200 4243 4460 4644 4877 4717 4415 4271 3997 3908 3699 3574 3445 3185 2982 3351 3584 3847 3976 4281 4527 4226 3677 3382 2880 2514 2244 1629 ]
K = 8
nk = [ 1 1 2 2 2 3 3 4 5 5 5 5 6 7 7 7 7 8 8 8 ]
First = [ 1 0 1 0 0 1 0 1 1 0 0 0 1 1 0 0 0 1 0 0 ]
Last = [ 0 1 0 0 1 0 1 1 0 0 0 1 1 0 0 0 1 0 0 1 ]
nS = 1
S = [ 0 1 2 3 4 5 6 7 8 9 10 11 12 13 14 15 16 17 18 19 ]
