n = 20 ; 
T = 96 ; 
Init = [ 1 1 1 1 0 0 1 1 1 0 0 0 0 1 1 1 1 1 1 1 ]
L = [ 17 17 13 13 16 16 11 11 11 15 15 15 15 6 6 16 16 16 16 16 ]
l = [ 17 17 13 13 16 16 11 11 11 15 15 15 15 6 6 16 16 16 16 16 ]
Pmin = [ 261 261 209 209 256 256 144 144 144 234 234 234 234 83 83 258 258 258 258 258 ]
Pmax = [ 348 348 279 279 342 342 192 192 192 312 312 312 312 111 111 344 344 344 344 344 ]
cf = [ 27.7715 27.7715 51.4069 51.4069 13.4723 13.4723 54.1867 54.1867 54.1867 25.0662 25.0662 25.0662 25.0662 39.2722 39.2722 59.4011 59.4011 59.4011 59.4011 59.4011 ]
c0 = [ 221 221 199 199 228 228 137 137 137 215 215 215 215 106 106 235 235 235 235 235 ]
cp = [ 9.11615 9.11615 21.995 21.995 18.2258 18.2258 35.7003 35.7003 35.7003 24.9242 24.9242 24.9242 24.9242 38.559 38.559 20.1681 20.1681 20.1681 20.1681 20.1681 ]
D = [ 1473 1596 1894 2016 2135 2298 2285 2490 2743 2879 2977 3054 3262 3326 3436 3583 3868 3829 3974 4126 4339 4446 4565 4679 4841 4676 4546 4273 3984 3815 3619 3428 3240 2973 2764 3053 3309 3674 4027 4167 4527 4180 3828 3370 2946 2564 2340 1832 1591 1814 1865 1905 2209 2199 2389 2507 2739 2950 3091 3039 3251 3393 3536 3825 3803 4026 4157 4386 4397 4667 4612 4837 5023 4711 4625 4385 4172 3965 3841 3477 3351 3134 2895 3099 3355 3562 3740 3856 4131 3756 3355 3148 2772 2371 2081 1768 ]
K = 7
nk = [ 1 1 2 2 3 3 4 4 4 5 5 5 5 6 6 7 7 7 7 7 ]
First = [ 1 0 1 0 1 0 1 0 0 1 0 0 0 1 0 1 0 0 0 0 ]
Last = [ 0 1 0 1 0 1 0 0 1 0 0 0 1 0 1 0 0 0 0 1 ]
nS = 1
S = [ 0 1 2 3 4 5 6 7 8 9 10 11 12 13 14 15 16 17 18 19 ]
