n = 20 ; 
T = 96 ; 
Init = [ 1 1 1 0 0 0 1 1 1 1 0 0 0 0 0 1 1 1 0 0 ]
L = [ 12 12 12 18 18 18 9 9 9 9 15 15 15 15 15 11 11 11 13 13 ]
l = [ 12 12 12 18 18 18 9 9 9 9 15 15 15 15 15 11 11 11 13 13 ]
Pmin = [ 170 170 170 285 285 285 125 125 125 125 244 244 242 242 242 154 154 154 201 201 ]
Pmax = [ 227 227 227 380 380 380 167 167 167 167 326 326 322 322 322 205 205 205 269 269 ]
cf = [ 45.6563 45.6563 45.6563 25.696 25.696 25.696 23.7963 23.7963 23.7963 23.7963 9.61286 9.61286 49.5322 49.5322 49.5322 40.3135 40.3135 40.3135 69.0719 69.0719 ]
c0 = [ 168 168 168 248 248 248 122 122 122 122 236 236 220 220 220 160 160 160 180 180 ]
cp = [ 27.9447 27.9447 27.9447 12.1302 12.1302 12.1302 28.2898 28.2898 28.2898 28.2898 24.0744 24.0744 12.2148 12.2148 12.2148 22.5871 22.5871 22.5871 25.8665 25.8665 ]
D = [ 1269 1309 1437 1766 1796 1820 2073 2247 2264 2470 2567 2764 2855 3059 3037 3307 3248 3376 3700 3726 3879 3937 4098 4210 4405 4240 4082 3797 3596 3422 3261 3179 2916 2753 2659 2932 3088 3332 3650 3904 4224 3896 3393 3060 2807 2363 1961 1729 1338 1388 1453 1646 1711 1873 2038 2102 2276 2321 2505 2689 2813 2808 3106 3222 3283 3374 3558 3653 3814 4027 4021 4101 4274 4099 4007 3824 3677 3527 3216 3127 2901 2739 2506 2835 3116 3329 3596 3714 4055 3598 3413 2970 2593 2370 1916 1684 ]
K = 7
nk = [ 1 1 1 2 2 2 3 3 3 3 4 4 5 5 5 6 6 6 7 7 ]
First = [ 1 0 0 1 0 0 1 0 0 0 1 0 1 0 0 1 0 0 1 0 ]
Last = [ 0 0 1 0 0 1 0 0 0 1 0 1 0 0 1 0 0 1 0 1 ]
nS = 1
S = [ 0 1 2 3 4 5 6 7 8 9 10 11 12 13 14 15 16 17 18 19 ]
