n = 20 ; 
T = 96 ; 
Init = [ 1 1 1 1 1 1 1 1 1 1 1 1 0 0 1 1 1 1 1 1 ]
L = [ 13 13 13 13 13 13 13 13 13 13 10 10 13 13 15 15 15 15 15 15 ]
l = [ 13 13 13 13 13 13 13 13 13 13 10 10 13 13 15 15 15 15 15 15 ]
Pmin = [ 193 193 193 193 193 193 193 193 193 193 140 140 199 199 225 225 225 225 225 225 ]
Pmax = [ 257 257 257 257 257 257 257 257 257 257 187 187 266 266 300 300 300 300 300 300 ]
cf = [ 45.3358 45.3358 45.3358 45.3358 45.3358 45.3358 45.3358 45.3358 45.3358 45.3358 28.4101 28.4101 9.84837 9.84837 39.8107 39.8107 39.8107 39.8107 39.8107 39.8107 ]
c0 = [ 182 182 182 182 182 182 182 182 182 182 153 153 188 188 209 209 209 209 209 209 ]
cp = [ 33.9228 33.9228 33.9228 33.9228 33.9228 33.9228 33.9228 33.9228 33.9228 33.9228 30.2617 30.2617 28.0986 28.0986 17.7312 17.7312 17.7312 17.7312 17.7312 17.7312 ]
D = [ 1330 1346 1627 1799 1828 2097 2133 2316 2523 2660 2660 2914 2906 3080 3171 3470 3430 3718 3749 3935 4134 4257 4289 4541 4663 4432 4158 4108 3722 3708 3487 3224 3088 2797 2569 2803 3122 3483 3761 3937 4295 3804 3464 3044 2799 2410 2151 1726 1274 1492 1586 1784 1936 1975 2205 2339 2364 2538 2742 2894 3047 3212 3198 3438 3607 3707 3821 4068 4185 4236 4385 4471 4620 4350 4202 3989 3699 3518 3280 3074 2975 2694 2549 2728 3035 3247 3634 3829 4078 3748 3385 3077 2775 2473 2267 1786 ]
K = 4
nk = [ 1 1 1 1 1 1 1 1 1 1 2 2 3 3 4 4 4 4 4 4 ]
First = [ 1 0 0 0 0 0 0 0 0 0 1 0 1 0 1 0 0 0 0 0 ]
Last = [ 0 0 0 0 0 0 0 0 0 1 0 1 0 1 0 0 0 0 0 1 ]
nS = 1
S = [ 0 1 2 3 4 5 6 7 8 9 10 11 12 13 14 15 16 17 18 19 ]
