n = 20 ; 
T = 96 ; 
Init = [ 1 1 1 1 1 1 1 0 0 0 1 1 1 1 1 1 1 1 0 0 ]
L = [ 4 4 4 4 18 20 20 17 17 17 13 13 13 13 13 8 8 8 12 12 ]
l = [ 4 4 4 4 18 20 20 17 17 17 13 13 13 13 13 8 8 8 12 12 ]
Pmin = [ 42 42 42 42 275 315 315 280 280 280 189 189 189 189 189 117 117 117 179 179 ]
Pmax = [ 56 56 56 56 367 420 420 373 373 373 253 253 253 253 253 156 156 156 239 239 ]
cf = [ 33.4493 33.4493 33.4493 33.4493 23.3113 33.8717 33.8717 42.6018 42.6018 42.6018 44.067 44.067 44.067 44.067 44.067 10.1663 10.1663 10.1663 64.4219 64.4219 ]
c0 = [ 74 74 74 74 250 250 250 245 245 245 183 183 183 183 183 110 110 110 164 164 ]
cp = [ 41.0991 41.0991 41.0991 41.0991 12.9045 8.65312 8.65312 16.9797 16.9797 16.9797 23.8151 23.8151 23.8151 23.8151 23.8151 29.0117 29.0117 29.0117 36.7508 36.7508 ]
D = [ 1008 1191 1257 1471 1616 1719 1739 1853 1988 2225 2343 2376 2586 2697 2765 2880 3043 3254 3361 3423 3525 3720 3837 4016 4029 3820 3637 3565 3371 3216 3103 2919 2631 2457 2361 2458 2628 2982 3067 3245 3520 3111 2901 2584 2350 2081 1753 1366 1093 1154 1360 1461 1512 1630 1900 1972 1959 2219 2176 2354 2501 2553 2708 2826 2961 3103 3112 3322 3356 3532 3611 3670 3812 3725 3633 3458 3214 3206 3047 2825 2575 2509 2465 2475 2734 2978 3137 3270 3470 3219 2784 2574 2262 2060 1854 1563 ]
K = 7
nk = [ 1 1 1 1 2 3 3 4 4 4 5 5 5 5 5 6 6 6 7 7 ]
First = [ 1 0 0 0 1 1 0 1 0 0 1 0 0 0 0 1 0 0 1 0 ]
Last = [ 0 0 0 1 1 0 1 0 0 1 0 0 0 0 1 0 0 1 0 1 ]
nS = 1
S = [ 0 1 2 3 4 5 6 7 8 9 10 11 12 13 14 15 16 17 18 19 ]
