n = 20 ; 
T = 96 ; 
Init = [ 1 1 1 0 0 0 0 0 0 0 0 1 1 0 0 1 1 1 1 1 ]
L = [ 8 8 8 18 18 18 12 12 12 12 12 10 10 13 13 15 15 15 15 15 ]
l = [ 8 8 8 18 18 18 12 12 12 12 12 10 10 13 13 15 15 15 15 15 ]
Pmin = [ 119 119 119 312 312 312 185 185 185 185 185 138 138 210 210 222 222 222 222 222 ]
Pmax = [ 158 158 158 416 416 416 247 247 247 247 247 184 184 279 279 297 297 297 297 297 ]
cf = [ 14.1823 14.1823 14.1823 43.1079 43.1079 43.1079 19.9848 19.9848 19.9848 19.9848 19.9848 23.5652 23.5652 50.8204 50.8204 48.2131 48.2131 48.2131 48.2131 48.2131 ]
c0 = [ 127 127 127 250 250 250 177 177 177 177 177 137 137 196 196 215 215 215 215 215 ]
cp = [ 35.838 35.838 35.838 9.30791 9.30791 9.30791 26.5001 26.5001 26.5001 26.5001 26.5001 14.0704 14.0704 25.2123 25.2123 16.962 16.962 16.962 16.962 16.962 ]
D = [ 1545 1614 1783 1878 2014 2129 2251 2271 2522 2655 2768 2796 3012 3132 3248 3184 3370 3586 3682 3683 3861 3941 3986 4207 4238 4197 3935 3730 3701 3412 3223 3095 2974 2622 2474 2757 3004 3246 3433 3600 3860 3503 3040 2857 2505 2040 1893 1395 1151 1215 1402 1542 1734 1892 1963 2256 2400 2519 2652 2619 2766 2973 3192 3371 3342 3519 3748 3907 3953 4117 4257 4385 4519 4381 4151 4123 3918 3718 3390 3262 3197 2914 2781 2914 3009 3384 3452 3763 3899 3458 3308 2948 2571 2282 1958 1622 ]
K = 6
nk = [ 1 1 1 2 2 2 3 3 3 3 3 4 4 5 5 6 6 6 6 6 ]
First = [ 1 0 0 1 0 0 1 0 0 0 0 1 0 1 0 1 0 0 0 0 ]
Last = [ 0 0 1 0 0 1 0 0 0 0 1 0 1 0 1 0 0 0 0 1 ]
nS = 1
S = [ 0 1 2 3 4 5 6 7 8 9 10 11 12 13 14 15 16 17 18 19 ]
