n = 20 ; 
T = 96 ; 
Init = [ 0 0 0 0 1 1 1 1 1 1 1 1 1 1 1 1 1 1 0 0 ]
L = [ 9 9 9 9 13 13 13 13 13 13 13 13 13 13 19 19 19 19 6 6 ]
l = [ 9 9 9 9 13 13 13 13 13 13 13 13 13 13 19 19 19 19 6 6 ]
Pmin = [ 129 129 129 129 183 183 183 183 183 183 183 183 183 183 315 315 315 315 62 62 ]
Pmax = [ 172 172 172 172 244 244 244 244 244 244 244 244 244 244 420 420 420 420 83 83 ]
cf = [ 17.0437 17.0437 17.0437 17.0437 39.5468 39.5468 39.5468 39.5468 39.5468 39.5468 39.5468 39.5468 39.5468 39.5468 27.5005 27.5005 27.5005 27.5005 58.8787 58.8787 ]
c0 = [ 128 128 128 128 187 187 187 187 187 187 187 187 187 187 250 250 250 250 92 92 ]
cp = [ 26.2081 26.2081 26.2081 26.2081 28.5755 28.5755 28.5755 28.5755 28.5755 28.5755 28.5755 28.5755 28.5755 28.5755 9.04584 9.04584 9.04584 9.04584 38.0898 38.0898 ]
D = [ 1041 1102 1392 1354 1521 1645 1756 1995 2081 2092 2239 2380 2610 2602 2735 2983 3001 3122 3341 3427 3463 3667 3768 3987 3994 3773 3617 3579 3453 3156 3118 2866 2705 2634 2419 2643 2714 3026 3167 3399 3599 3314 2915 2772 2356 2165 1948 1625 1376 1584 1620 1767 1978 1935 2116 2188 2465 2553 2624 2790 2821 3133 3189 3350 3422 3528 3707 3761 3934 4037 4141 4390 4344 4268 4068 3846 3676 3462 3266 2978 2846 2757 2490 2609 2719 3071 3136 3396 3510 3295 2972 2766 2538 2143 1972 1690 ]
K = 4
nk = [ 1 1 1 1 2 2 2 2 2 2 2 2 2 2 3 3 3 3 4 4 ]
First = [ 1 0 0 0 1 0 0 0 0 0 0 0 0 0 1 0 0 0 1 0 ]
Last = [ 0 0 0 1 0 0 0 0 0 0 0 0 0 1 0 0 0 1 0 1 ]
nS = 1
S = [ 0 1 2 3 4 5 6 7 8 9 10 11 12 13 14 15 16 17 18 19 ]
