n = 20 ; 
T = 96 ; 
Init = [ 0 0 1 1 1 1 1 1 1 1 1 1 1 0 0 0 0 1 1 1 ]
L = [ 5 5 9 9 9 9 9 5 20 20 20 20 20 11 11 16 16 14 14 14 ]
l = [ 5 5 9 9 9 9 9 5 20 20 20 20 20 11 11 16 16 14 14 14 ]
Pmin = [ 59 59 136 136 136 136 136 44 315 315 315 315 315 163 163 255 255 200 200 200 ]
Pmax = [ 78 78 181 181 181 181 181 58 420 420 420 420 420 218 218 339 339 267 267 267 ]
cf = [ 18.5304 18.5304 49.7189 49.7189 49.7189 49.7189 49.7189 35.7388 27.1665 27.1665 27.1665 27.1665 27.1665 36.264 36.264 9.67632 9.67632 26.7559 26.7559 26.7559 ]
c0 = [ 86 86 134 134 134 134 134 62 250 250 250 250 250 175 175 230 230 204 204 204 ]
cp = [ 40.4393 40.4393 39.2311 39.2311 39.2311 39.2311 39.2311 41.451 12.2542 12.2542 12.2542 12.2542 12.2542 32.6124 32.6124 20.8711 20.8711 26.5179 26.5179 26.5179 ]
D = [ 1500 1537 1813 1861 1923 2038 2266 2429 2498 2493 2686 2873 2924 3003 3174 3220 3514 3589 3601 3889 3892 4135 4166 4348 4371 4297 4081 3946 3675 3451 3394 3052 2948 2839 2628 2895 3004 3331 3639 3900 4099 3680 3415 3155 2693 2476 1935 1645 1393 1527 1561 1705 1805 1885 1941 2204 2203 2303 2439 2716 2787 2941 2871 3020 3232 3379 3477 3613 3632 3813 3829 3974 4163 3951 3687 3698 3499 3194 3222 2945 2864 2606 2562 2624 2899 2953 3163 3527 3566 3285 3095 2784 2336 2166 1683 1537 ]
K = 7
nk = [ 1 1 2 2 2 2 2 3 4 4 4 4 4 5 5 6 6 7 7 7 ]
First = [ 1 0 1 0 0 0 0 1 1 0 0 0 0 1 0 1 0 1 0 0 ]
Last = [ 0 1 0 0 0 0 1 1 0 0 0 0 1 0 1 0 1 0 0 1 ]
nS = 1
S = [ 0 1 2 3 4 5 6 7 8 9 10 11 12 13 14 15 16 17 18 19 ]
