n = 20 ; 
T = 96 ; 
Init = [ 0 0 0 0 0 1 1 1 1 1 1 1 1 1 1 1 1 0 0 1 ]
L = [ 10 10 10 10 12 18 18 18 18 9 13 13 13 11 11 7 16 16 16 14 ]
l = [ 10 10 10 10 12 18 18 18 18 9 13 13 13 11 11 7 16 16 16 14 ]
Pmin = [ 148 148 148 148 168 299 299 299 299 130 202 202 202 165 165 108 247 241 241 203 ]
Pmax = [ 197 197 197 197 224 398 398 398 398 173 270 270 270 220 220 145 330 321 321 271 ]
cf = [ 54.2912 54.2912 54.2912 54.2912 32.5528 52.6249 52.6249 52.6249 52.6249 38.556 56.6796 56.6796 56.6796 23.6813 23.6813 16.9956 53.0816 57.0143 57.0143 10.518 ]
c0 = [ 149 149 149 149 169 250 250 250 250 119 181 181 181 166 166 125 226 209 209 189 ]
cp = [ 30.783 30.783 30.783 30.783 22.6855 9.71582 9.71582 9.71582 9.71582 38.4157 17.6667 17.6667 17.6667 29.7993 29.7993 36.9882 11.0493 12.4662 12.4662 15.1016 ]
D = [ 1379 1558 1723 1805 1863 2086 2158 2358 2433 2674 2720 2897 2899 3068 3260 3318 3436 3757 3843 3984 4038 4240 4452 4494 4612 4415 4168 4047 3852 3746 3641 3436 3156 3081 2822 3076 3266 3555 3657 4002 4180 3873 3508 3233 2743 2434 2298 1790 1612 1756 1844 1843 2135 2066 2265 2414 2636 2592 2858 2967 3060 3148 3232 3398 3590 3586 3715 3920 4089 4045 4297 4477 4401 4385 4247 4007 3809 3570 3530 3226 3009 2935 2724 2831 3152 3388 3521 3726 4012 3576 3271 3032 2777 2434 2023 1837 ]
K = 10
nk = [ 1 1 1 1 2 3 3 3 3 4 5 5 5 6 6 7 8 9 9 10 ]
First = [ 1 0 0 0 1 1 0 0 0 1 1 0 0 1 0 1 1 1 0 1 ]
Last = [ 0 0 0 1 1 0 0 0 1 1 0 0 1 0 1 1 1 0 1 1 ]
nS = 1
S = [ 0 1 2 3 4 5 6 7 8 9 10 11 12 13 14 15 16 17 18 19 ]
