n = 20 ; 
T = 96 ; 
Init = [ 0 0 0 1 0 0 1 1 1 1 0 0 0 0 0 0 1 1 0 1 ]
L = [ 8 8 6 5 20 20 7 7 7 20 19 19 18 18 18 18 16 16 11 7 ]
l = [ 8 8 6 5 20 20 7 7 7 20 19 19 18 18 18 18 16 16 11 7 ]
Pmin = [ 96 96 73 48 315 315 87 87 87 315 309 309 297 297 297 297 264 264 162 92 ]
Pmax = [ 128 128 98 64 420 420 116 116 116 420 412 412 396 396 396 396 351 351 217 123 ]
cf = [ 47.3217 47.3217 62.2981 17.1067 24.0714 24.0714 55.3034 55.3034 55.3034 18.7708 29.0283 29.0283 52.5256 52.5256 52.5256 52.5256 61.7365 61.7365 68.9337 38.842 ]
c0 = [ 128 128 97 90 250 250 88 88 88 250 250 250 250 250 250 250 230 230 168 114 ]
cp = [ 38.245 38.245 38.3915 39.3722 8.54683 8.54683 37.1388 37.1388 37.1388 8.05719 9.70569 9.70569 17.0773 17.0773 17.0773 17.0773 17.9553 17.9553 21.2229 40.6979 ]
D = [ 1619 1569 1906 2007 2106 2286 2343 2493 2736 2817 2857 2972 3089 3430 3577 3719 3737 3956 4047 4203 4392 4410 4601 4640 4935 4566 4526 4162 3913 3853 3569 3459 3211 2907 2760 2896 3057 3251 3619 3665 4021 3571 3312 3145 2898 2428 2265 1897 1664 1656 1910 2105 2271 2376 2536 2638 2674 2939 3008 3173 3287 3283 3619 3719 3874 3828 4076 4292 4280 4435 4695 4726 4791 4623 4423 4218 3991 3747 3503 3271 3103 2977 2585 2922 3239 3565 3648 3865 4322 3917 3523 3097 2771 2359 1899 1592 ]
K = 11
nk = [ 1 1 2 3 4 4 5 5 5 6 7 7 8 8 8 8 9 9 10 11 ]
First = [ 1 0 1 1 1 0 1 0 0 1 1 0 1 0 0 0 1 0 1 1 ]
Last = [ 0 1 1 1 0 1 0 0 1 1 0 1 0 0 0 1 0 1 1 1 ]
nS = 1
S = [ 0 1 2 3 4 5 6 7 8 9 10 11 12 13 14 15 16 17 18 19 ]
