n = 20 ; 
T = 96 ; 
Init = [ 1 1 1 0 0 0 0 0 0 0 0 0 0 1 1 1 1 1 1 1 ]
L = [ 7 7 7 7 11 8 8 8 8 10 20 20 20 5 5 18 18 18 14 14 ]
l = [ 7 7 7 7 11 8 8 8 8 10 20 20 20 5 5 18 18 18 14 14 ]
Pmin = [ 96 96 96 83 170 113 113 113 113 138 315 315 315 38 38 305 305 305 196 196 ]
Pmax = [ 128 128 128 111 226 151 151 151 151 184 420 420 420 51 51 407 407 407 262 262 ]
cf = [ 39.3232 39.3232 39.3232 20.6077 56.9943 14.2697 14.2697 14.2697 14.2697 32.5765 11.8955 11.8955 11.8955 7.37565 7.37565 30.2586 30.2586 30.2586 41.8037 41.8037 ]
c0 = [ 124 124 124 99 162 128 128 128 128 146 250 250 250 78 78 250 250 250 185 185 ]
cp = [ 31.7842 31.7842 31.7842 31.9883 26.5438 25.8346 25.8346 25.8346 25.8346 22.7817 9.2235 9.2235 9.2235 37.0048 37.0048 8.73738 8.73738 8.73738 22.398 22.398 ]
D = [ 1390 1540 1594 1599 1783 1936 1990 2118 2194 2307 2304 2504 2604 2668 2717 2826 3027 3033 3142 3282 3284 3356 3585 3613 3700 3643 3399 3270 3207 2957 2893 2687 2489 2380 2266 2323 2624 2820 3091 3185 3394 3055 2740 2440 2252 1887 1598 1327 937 1106 1212 1263 1524 1469 1608 1771 1989 2074 2191 2267 2389 2545 2534 2649 2873 2938 3059 3251 3307 3436 3562 3745 3707 3594 3536 3252 3217 2911 2813 2617 2547 2440 2177 2411 2661 2765 2860 3211 3284 3108 2777 2585 2262 1989 1794 1394 ]
K = 9
nk = [ 1 1 1 2 3 4 4 4 4 5 6 6 6 7 7 8 8 8 9 9 ]
First = [ 1 0 0 1 1 1 0 0 0 1 1 0 0 1 0 1 0 0 1 0 ]
Last = [ 0 0 1 1 1 0 0 0 1 1 0 0 1 0 1 0 0 1 0 1 ]
nS = 1
S = [ 0 1 2 3 4 5 6 7 8 9 10 11 12 13 14 15 16 17 18 19 ]
