n = 20 ; 
T = 96 ; 
Init = [ 1 1 1 0 0 0 0 1 1 0 0 0 0 0 0 1 1 1 1 1 ]
L = [ 5 5 5 20 20 7 7 4 4 18 18 8 8 8 8 17 14 7 16 17 ]
l = [ 5 5 5 20 20 7 7 4 4 18 18 8 8 8 8 17 14 7 16 17 ]
Pmin = [ 46 46 46 315 315 91 91 26 26 287 287 96 96 96 96 266 203 95 256 262 ]
Pmax = [ 61 61 61 420 420 121 121 35 35 382 382 128 128 128 128 354 270 127 341 349 ]
cf = [ 27.4812 27.4812 27.4812 59.0083 59.0083 62.6517 62.6517 55.131 55.131 47.1651 47.1651 39.976 39.976 39.976 39.976 57.2861 46.0685 29.6281 10.8929 26.7204 ]
c0 = [ 73 73 73 250 250 99 99 61 61 245 245 99 99 99 99 241 189 107 230 226 ]
cp = [ 38.2225 38.2225 38.2225 8.49733 8.49733 36.9751 36.9751 41.2976 41.2976 17.5619 17.5619 35.3981 35.3981 35.3981 35.3981 9.19105 27.6229 30.1822 23.6956 12.9868 ]
D = [ 1061 1262 1372 1350 1492 1570 1696 1756 1844 1951 2153 2222 2373 2385 2573 2676 2729 2857 2899 2939 3106 3184 3352 3412 3547 3282 3204 3119 2874 2728 2670 2477 2434 2227 2076 2221 2463 2647 2755 2986 3179 2769 2510 2295 1960 1630 1420 1040 771 907 1063 1132 1326 1371 1493 1677 1638 1866 1981 2032 2245 2335 2458 2522 2549 2733 2820 2889 3105 3106 3294 3471 3553 3382 3282 3119 2964 2763 2605 2374 2196 2082 1968 2223 2393 2477 2804 2983 3183 2879 2529 2358 2031 1691 1471 1221 ]
K = 11
nk = [ 1 1 1 2 2 3 3 4 4 5 5 6 6 6 6 7 8 9 10 11 ]
First = [ 1 0 0 1 0 1 0 1 0 1 0 1 0 0 0 1 1 1 1 1 ]
Last = [ 0 0 1 0 1 0 1 0 1 0 1 0 0 0 1 1 1 1 1 1 ]
nS = 1
S = [ 0 1 2 3 4 5 6 7 8 9 10 11 12 13 14 15 16 17 18 19 ]
