n = 20 ; 
T = 96 ; 
Init = [ 1 1 1 1 1 1 1 1 1 1 1 0 0 1 1 1 0 0 0 0 ]
L = [ 15 15 15 15 18 15 20 13 13 13 13 12 12 13 13 13 9 13 13 13 ]
l = [ 15 15 15 15 18 15 20 13 13 13 13 12 12 13 13 13 9 13 13 13 ]
Pmin = [ 240 240 240 240 287 235 315 203 203 203 203 163 163 198 198 198 143 222 222 222 ]
Pmax = [ 320 320 320 320 382 313 420 270 270 270 270 217 217 264 264 264 191 296 296 296 ]
cf = [ 9.42506 9.42506 9.42506 9.42506 48.167 22.2607 63.987 68.7542 68.7542 68.7542 68.7542 21.8195 21.8195 19.3305 19.3305 19.3305 40.3266 52.0201 52.0201 52.0201 ]
c0 = [ 199 199 199 199 250 210 250 184 184 184 184 155 155 185 185 185 156 194 194 194 ]
cp = [ 15.4656 15.4656 15.4656 15.4656 9.37377 16.5432 8.47127 15.838 15.838 15.838 15.838 32.2897 32.2897 33.5219 33.5219 33.5219 28.0711 22.7972 22.7972 22.7972 ]
D = [ 1053 1352 1470 1686 1765 1988 2186 2407 2535 2654 2893 2849 3190 3275 3505 3539 3781 3933 3989 4352 4396 4598 4842 4843 5116 4740 4543 4453 4152 4032 3694 3468 3252 3099 2695 3140 3330 3706 3978 4132 4465 4148 3663 3280 2884 2464 2183 1866 1426 1479 1772 1894 1982 2185 2469 2438 2766 2825 3040 3216 3335 3481 3563 3775 3909 4094 4125 4322 4633 4659 4841 4881 5237 4870 4710 4446 4341 4010 3775 3550 3348 3020 2994 3145 3285 3576 3773 3855 4051 3796 3388 3036 2772 2523 2229 1944 ]
K = 9
nk = [ 1 1 1 1 2 3 4 5 5 5 5 6 6 7 7 7 8 9 9 9 ]
First = [ 1 0 0 0 1 1 1 1 0 0 0 1 0 1 0 0 1 1 0 0 ]
Last = [ 0 0 0 1 1 1 1 0 0 0 1 0 1 0 0 1 1 0 0 1 ]
nS = 1
S = [ 0 1 2 3 4 5 6 7 8 9 10 11 12 13 14 15 16 17 18 19 ]
