n = 20 ; 
T = 96 ; 
Init = [ 0 0 0 0 0 0 0 0 0 0 0 0 0 0 0 0 0 0 0 0 ]
L = [ 19 19 19 19 19 19 19 7 7 7 7 7 7 7 16 16 16 16 16 16 ]
l = [ 19 19 19 19 19 19 19 7 7 7 7 7 7 7 16 16 16 16 16 16 ]
Pmin = [ 315 315 315 315 315 315 315 82 82 82 82 82 82 82 266 266 266 266 266 266 ]
Pmax = [ 420 420 420 420 420 420 420 109 109 109 109 109 109 109 354 354 354 354 354 354 ]
cf = [ 20.8193 20.8193 20.8193 20.8193 20.8193 20.8193 20.8193 45.6868 45.6868 45.6868 45.6868 45.6868 45.6868 45.6868 45.5271 45.5271 45.5271 45.5271 45.5271 45.5271 ]
c0 = [ 250 250 250 250 250 250 250 89 89 89 89 89 89 89 229 229 229 229 229 229 ]
cp = [ 9.70506 9.70506 9.70506 9.70506 9.70506 9.70506 9.70506 34.2349 34.2349 34.2349 34.2349 34.2349 34.2349 34.2349 23.3229 23.3229 23.3229 23.3229 23.3229 23.3229 ]
D = [ 1526 1500 1755 1955 1889 2026 2177 2437 2572 2729 2834 2845 3097 3230 3254 3560 3705 3831 3833 4040 4179 4314 4454 4637 4696 4493 4303 4064 3879 3786 3650 3542 3288 3040 2998 3190 3357 3745 3828 4230 4406 4101 3554 3255 2948 2523 2164 1866 1577 1700 1867 1889 2229 2334 2346 2535 2680 2759 3103 3176 3388 3453 3687 3816 3959 4125 4191 4384 4589 4711 4717 4852 5201 4898 4587 4432 4258 4106 3812 3539 3361 3086 2919 3125 3231 3587 3834 3936 4223 3854 3536 3074 2622 2390 1909 1452 ]
K = 3
nk = [ 1 1 1 1 1 1 1 2 2 2 2 2 2 2 3 3 3 3 3 3 ]
First = [ 1 0 0 0 0 0 0 1 0 0 0 0 0 0 1 0 0 0 0 0 ]
Last = [ 0 0 0 0 0 0 1 0 0 0 0 0 0 1 0 0 0 0 0 1 ]
nS = 1
S = [ 0 1 2 3 4 5 6 7 8 9 10 11 12 13 14 15 16 17 18 19 ]
