n = 20 ; 
T = 96 ; 
Init = [ 0 0 0 0 0 0 0 0 1 0 0 0 1 1 1 1 1 0 0 0 ]
L = [ 9 9 18 18 18 4 4 4 12 19 19 19 10 10 10 20 10 11 11 11 ]
l = [ 9 9 18 18 18 4 4 4 12 19 19 19 10 10 10 20 10 11 11 11 ]
Pmin = [ 110 110 283 283 283 45 45 45 193 315 315 315 149 149 149 315 137 167 167 167 ]
Pmax = [ 147 147 377 377 377 60 60 60 258 420 420 420 199 199 199 420 183 222 222 222 ]
cf = [ 37.3522 37.3522 34.0416 34.0416 34.0416 40.2357 40.2357 40.2357 47.6574 57.8605 57.8605 57.8605 28.0221 28.0221 28.0221 23.9563 56.9596 64.3271 64.3271 64.3271 ]
c0 = [ 120 120 250 250 250 71 71 71 186 250 250 250 144 144 144 250 139 165 165 165 ]
cp = [ 33.6806 33.6806 9.0046 9.0046 9.0046 40.369 40.369 40.369 23.0985 8.41319 8.41319 8.41319 26.9093 26.9093 26.9093 8.93443 33.3257 26.4025 26.4025 26.4025 ]
D = [ 1531 1560 1731 1771 1921 2008 2223 2362 2469 2508 2679 2692 2917 2994 3030 3168 3280 3392 3594 3636 3790 3855 4086 4123 4261 4091 3852 3772 3507 3418 3201 2936 2758 2593 2449 2738 2977 3166 3476 3704 4013 3609 3363 3012 2765 2436 2106 1653 1501 1548 1696 1724 1916 1970 2118 2206 2428 2495 2590 2632 2741 2873 3104 3150 3141 3349 3452 3555 3633 3901 3874 3939 4192 3943 3902 3542 3478 3253 3107 2942 2850 2539 2489 2654 2863 3026 3366 3484 3600 3392 3109 2690 2501 2135 1848 1537 ]
K = 9
nk = [ 1 1 2 2 2 3 3 3 4 5 5 5 6 6 6 7 8 9 9 9 ]
First = [ 1 0 1 0 0 1 0 0 1 1 0 0 1 0 0 1 1 1 0 0 ]
Last = [ 0 1 0 0 1 0 0 1 1 0 0 1 0 0 1 1 1 0 0 1 ]
nS = 1
S = [ 0 1 2 3 4 5 6 7 8 9 10 11 12 13 14 15 16 17 18 19 ]
