n = 20 ; 
T = 96 ; 
Init = [ 1 1 1 1 1 1 0 0 0 0 0 1 1 1 0 0 0 0 0 1 ]
L = [ 16 16 16 16 19 19 20 20 20 9 9 16 16 16 18 18 18 18 5 14 ]
l = [ 16 16 16 16 19 19 20 20 20 9 9 16 16 16 18 18 18 18 5 14 ]
Pmin = [ 264 264 264 264 303 303 315 315 315 106 106 271 271 271 295 295 295 295 65 207 ]
Pmax = [ 351 351 351 351 404 404 420 420 420 141 141 361 361 361 394 394 394 394 86 275 ]
cf = [ 7.89273 7.89273 7.89273 7.89273 66.8223 66.8223 16.6811 16.6811 16.6811 33.1237 33.1237 46.7888 46.7888 46.7888 8.05523 8.05523 8.05523 8.05523 53.9698 12.1052 ]
c0 = [ 237 237 237 237 250 250 250 250 250 127 127 249 249 249 243 243 243 243 80 199 ]
cp = [ 12.5842 12.5842 12.5842 12.5842 8.99306 8.99306 9.26616 9.26616 9.26616 37.4357 37.4357 28.218 28.218 28.218 17.2505 17.2505 17.2505 17.2505 38.701 18.7394 ]
D = [ 1758 1815 1917 2253 2314 2594 2808 2851 3187 3200 3573 3742 3953 4146 4229 4560 4676 4789 5073 5283 5312 5469 5673 5908 6098 5874 5370 5235 4837 4768 4223 4188 3722 3366 3213 3495 3836 4042 4454 4677 4983 4572 4308 3629 3227 2863 2601 2132 1506 1834 1978 2216 2329 2356 2485 2818 2860 2973 3129 3374 3624 3751 4026 4171 4128 4315 4455 4703 4787 4949 5227 5378 5439 5310 5090 5054 4642 4534 4200 4067 3852 3768 3438 3860 4056 4109 4429 4502 4775 4507 4080 3587 3281 2966 2723 2210 ]
K = 8
nk = [ 1 1 1 1 2 2 3 3 3 4 4 5 5 5 6 6 6 6 7 8 ]
First = [ 1 0 0 0 1 0 1 0 0 1 0 1 0 0 1 0 0 0 1 1 ]
Last = [ 0 0 0 1 0 1 0 0 1 0 1 0 0 1 0 0 0 1 1 1 ]
nS = 1
S = [ 0 1 2 3 4 5 6 7 8 9 10 11 12 13 14 15 16 17 18 19 ]
