n = 20 ; 
T = 24 ; 
Init = [ 1 1 1 0 0 1 1 1 1 1 1 0 0 1 1 1 1 0 0 1 ]
L = [ 5 5 5 6 6 8 8 8 8 8 8 5 5 3 3 3 3 2 2 9 ]
l = [ 5 5 5 6 6 8 8 8 8 8 8 5 5 3 3 3 3 2 2 9 ]
Pmin = [ 62 62 62 63 63 80 80 80 80 80 80 50 50 30 30 30 30 25 25 99 ]
Pmax = [ 228 228 228 235 235 333 333 333 333 333 333 199 199 104 104 104 104 73 73 378 ]
cf = [ 35.4506 35.4506 35.4506 51.6606 51.6606 11.8882 11.8882 11.8882 11.8882 11.8882 11.8882 41.395 41.395 49.3951 49.3951 49.3951 49.3951 41.7181 41.7181 36.2614 ]
c0 = [ 161 163 165 165 166 221 223 227 231 237 243 133 134 96 97 99 101 77 78 251 ]
cp = [ 26.1255 26.1255 26.1255 30.1308 30.1308 20.8949 20.8949 20.8949 20.8949 20.8949 20.8949 33.8294 33.8294 35.6154 35.6154 35.6154 35.6154 36.4548 36.4548 11.662 ]
D = [ 1247 1584 1675 1939 2081 2268 2431 2619 2872 3119 3330 3561 3613 3361 3180 2881 2572 2346 2738 3071 3248 2803 2109 1648 ]
K = 7
nk = [ 1 1 1 2 2 3 3 3 3 3 3 4 4 5 5 5 5 6 6 7 ]
First = [ 1 0 0 1 0 1 0 0 0 0 0 1 0 1 0 0 0 1 0 1 ]
Last = [ 0 0 1 0 1 0 0 0 0 0 1 0 1 0 0 0 1 0 1 1 ]
nS = 1
S = [ 6.94616e-310 6.94616e-310 0 0 0 0 0 0 0 0 0 0 0 0 0 0 0 0 0 0 ]
