n = 20 ; 
T = 24 ; 
Init = [ 1 1 1 1 1 0 0 0 0 0 0 0 1 1 1 1 1 1 0 0 ]
L = [ 5 5 5 5 5 10 10 10 10 10 10 7 3 3 3 3 3 3 8 8 ]
l = [ 5 5 5 5 5 10 10 10 10 10 10 7 3 3 3 3 3 3 8 8 ]
Pmin = [ 57 57 57 57 57 100 100 100 100 100 100 66 28 28 28 28 28 28 86 86 ]
Pmax = [ 197 197 197 197 197 412 412 412 412 412 412 264 76 76 76 76 76 76 351 351 ]
cf = [ 25.5492 25.5492 25.5492 25.5492 25.5492 61.6213 61.6213 61.6213 61.6213 61.6213 61.6213 61.3734 28.9271 28.9271 28.9271 28.9271 28.9271 28.9271 21.4487 21.4487 ]
c0 = [ 152 153 155 158 162 251 254 258 263 269 276 184 89 90 91 93 95 98 226 228 ]
cp = [ 32.8384 32.8384 32.8384 32.8384 32.8384 13.066 13.066 13.066 13.066 13.066 13.066 19.6873 40.0171 40.0171 40.0171 40.0171 40.0171 40.0171 24.4087 24.4087 ]
D = [ 1014 1261 1605 1689 1957 2287 2489 2674 3004 3301 3462 3658 3909 3642 3385 3019 2808 2608 2880 3370 3927 3185 2521 1915 ]
K = 5
nk = [ 1 1 1 1 1 2 2 2 2 2 2 3 4 4 4 4 4 4 5 5 ]
First = [ 1 0 0 0 0 1 0 0 0 0 0 1 1 0 0 0 0 0 1 0 ]
Last = [ 0 0 0 0 1 0 0 0 0 0 1 1 0 0 0 0 0 1 0 1 ]
nS = 1
S = [ 6.94616e-310 6.94616e-310 0 0 0 0 0 0 0 0 0 0 0 0 0 0 0 0 0 0 ]
