n = 20 ; 
T = 24 ; 
Init = [ 1 1 1 1 1 1 1 1 1 1 1 1 0 0 0 1 1 1 0 0 ]
L = [ 3 3 3 3 3 3 5 5 6 6 6 6 7 7 7 5 7 7 2 2 ]
l = [ 3 3 3 3 3 3 5 5 6 6 6 6 7 7 7 5 7 7 2 2 ]
Pmin = [ 34 34 34 34 34 34 56 56 60 60 60 60 70 70 70 51 76 76 13 13 ]
Pmax = [ 104 104 104 104 104 104 201 201 233 233 233 233 279 279 279 194 284 284 30 30 ]
cf = [ 63.0762 63.0762 63.0762 63.0762 63.0762 63.0762 12.8799 12.8799 27.4656 27.4656 27.4656 27.4656 19.1842 19.1842 19.1842 27.7867 11.9588 11.9588 60.0182 60.0182 ]
c0 = [ 94 95 96 98 101 103 154 156 164 166 168 172 188 190 193 139 193 195 44 44 ]
cp = [ 39.7606 39.7606 39.7606 39.7606 39.7606 39.7606 24.9838 24.9838 28.2005 28.2005 28.2005 28.2005 35.122 35.122 35.122 20.6724 22.3264 22.3264 41.2956 41.2956 ]
D = [ 880 1131 1325 1404 1681 1819 2128 2290 2461 2607 2789 3068 3325 3008 2692 2390 2119 1834 2140 2540 2771 2348 1780 1367 ]
K = 7
nk = [ 1 1 1 1 1 1 2 2 3 3 3 3 4 4 4 5 6 6 7 7 ]
First = [ 1 0 0 0 0 0 1 0 1 0 0 0 1 0 0 1 1 0 1 0 ]
Last = [ 0 0 0 0 0 1 0 1 0 0 0 1 0 0 1 1 0 1 0 1 ]
nS = 1
S = [ 6.94616e-310 6.94616e-310 0 0 0 0 0 0 0 0 0 0 0 0 0 0 0 0 0 0 ]
