n = 20 ; 
T = 24 ; 
Init = [ 1 1 1 1 0 0 0 1 1 1 1 1 1 1 1 1 0 0 0 0 ]
L = [ 6 6 6 6 6 6 6 4 4 9 7 7 7 7 7 7 8 8 8 8 ]
l = [ 6 6 6 6 6 6 6 4 4 9 7 7 7 7 7 7 8 8 8 8 ]
Pmin = [ 65 65 65 65 67 67 67 37 37 97 64 64 64 64 64 64 88 88 88 83 ]
Pmax = [ 260 260 260 260 254 254 254 138 138 404 263 263 263 263 263 263 351 351 351 344 ]
cf = [ 7.81008 7.81008 7.81008 7.81008 41.9041 41.9041 41.9041 58.0997 58.0997 56.5398 52.49 52.49 52.49 52.49 52.49 52.49 20.3748 20.3748 20.3748 63.5831 ]
c0 = [ 175 176 179 183 178 180 183 112 114 251 181 183 185 189 193 199 224 226 230 215 ]
cp = [ 30.1321 30.1321 30.1321 30.1321 19.3797 19.3797 19.3797 35.5865 35.5865 9.36946 24.3973 24.3973 24.3973 24.3973 24.3973 24.3973 18.975 18.975 18.975 24.5446 ]
D = [ 1206 1573 1746 1960 2455 2746 2820 3214 3562 3848 4010 4246 4682 4249 3762 3430 2939 2648 3246 3759 4263 3729 3051 2328 ]
K = 7
nk = [ 1 1 1 1 2 2 2 3 3 4 5 5 5 5 5 5 6 6 6 7 ]
First = [ 1 0 0 0 1 0 0 1 0 1 1 0 0 0 0 0 1 0 0 1 ]
Last = [ 0 0 0 1 0 0 1 0 1 1 0 0 0 0 0 1 0 0 1 1 ]
nS = 1
S = [ 6.94616e-310 6.94616e-310 0 0 0 0 0 0 0 0 0 0 0 0 0 0 0 0 0 0 ]
