n = 20 ; 
T = 48 ; 
Init = [ 0 0 0 1 1 1 1 1 1 1 1 0 0 0 0 1 0 0 1 1 ]
L = [ 9 9 9 5 5 8 8 8 8 3 3 7 7 7 7 5 6 6 9 9 ]
l = [ 9 9 9 5 5 8 8 8 8 3 3 7 7 7 7 5 6 6 9 9 ]
Pmin = [ 88 88 88 55 55 86 86 87 87 33 33 73 73 73 73 41 67 67 100 100 ]
Pmax = [ 363 363 363 195 195 330 330 356 356 94 94 286 286 286 286 158 273 273 420 420 ]
cf = [ 35.7788 35.7788 35.7788 10.8611 10.8611 8.81193 8.81193 40.1189 40.1189 14.9186 14.9186 54.6426 54.6426 54.6426 54.6426 45.4019 14.3928 14.3928 51.6217 51.6217 ]
c0 = [ 243 245 249 155 157 223 226 232 235 109 110 195 197 199 203 130 189 191 251 254 ]
cp = [ 14.2729 14.2729 14.2729 29.3081 29.3081 18.9731 18.9731 16.0477 16.0477 33.2037 33.2037 27.8875 27.8875 27.8875 27.8875 33.4334 26.0654 26.0654 11.2523 11.2523 ]
D = [ 1109 1563 1769 2092 2382 2644 3134 3334 3588 3963 4300 4699 4810 4538 4116 3714 3265 2785 3463 3944 4439 3755 2783 2114 1224 1657 1736 2062 2389 2707 3011 3288 3554 3746 4193 4292 4738 4392 3870 3579 3226 2944 3274 3969 4486 3758 2950 2339 ]
K = 9
nk = [ 1 1 1 2 2 3 3 4 4 5 5 6 6 6 6 7 8 8 9 9 ]
First = [ 1 0 0 1 0 1 0 1 0 1 0 1 0 0 0 1 1 0 1 0 ]
Last = [ 0 0 1 0 1 0 1 0 1 0 1 0 0 0 1 1 0 1 0 1 ]
nS = 1
S = [ 6.94616e-310 6.94616e-310 0 0 0 0 0 0 0 0 0 0 0 0 0 0 0 0 0 0 ]
