n = 20 ; 
T = 48 ; 
Init = [ 1 1 1 1 1 1 0 0 0 0 0 0 0 1 1 1 1 1 0 0 ]
L = [ 9 9 9 9 4 2 6 8 8 8 8 8 8 3 3 3 3 3 6 6 ]
l = [ 9 9 9 9 4 2 6 8 8 8 8 8 8 3 3 3 3 3 6 6 ]
Pmin = [ 97 97 97 97 48 23 55 86 86 86 86 86 86 25 25 25 25 25 62 62 ]
Pmax = [ 402 402 402 402 155 49 221 357 357 357 357 357 357 91 91 91 91 91 235 235 ]
cf = [ 16.8061 16.8061 16.8061 16.8061 31.6344 65.011 14.7153 50.4051 50.4051 50.4051 50.4051 50.4051 50.4051 27.494 27.494 27.494 27.494 27.494 62.4974 62.4974 ]
c0 = [ 248 251 254 259 146 77 158 240 243 246 251 257 264 87 87 89 90 93 179 181 ]
cp = [ 11.078 11.078 11.078 11.078 24.2314 40.9696 28.3693 12.7626 12.7626 12.7626 12.7626 12.7626 12.7626 34.5926 34.5926 34.5926 34.5926 34.5926 26.0348 26.0348 ]
D = [ 1281 1561 1742 2064 2367 2481 2845 2991 3417 3618 3880 4028 4342 4001 3626 3345 3118 2693 3025 3533 3786 3113 2606 1884 1285 1668 1873 2106 2420 2495 2781 2960 3353 3535 3891 4031 4226 3904 3532 3339 2968 2641 3056 3300 3851 3220 2572 1881 ]
K = 7
nk = [ 1 1 1 1 2 3 4 5 5 5 5 5 5 6 6 6 6 6 7 7 ]
First = [ 1 0 0 0 1 1 1 1 0 0 0 0 0 1 0 0 0 0 1 0 ]
Last = [ 0 0 0 1 1 1 1 0 0 0 0 0 1 0 0 0 0 1 0 1 ]
nS = 1
S = [ 6.94616e-310 6.94616e-310 0 0 0 0 0 0 0 0 0 0 0 0 0 0 0 0 0 0 ]
