n = 20 ; 
T = 48 ; 
Init = [ 0 0 0 0 1 1 1 1 1 1 1 1 1 1 1 0 0 0 0 0 ]
L = [ 5 5 5 5 4 4 4 4 4 4 4 4 4 4 4 10 10 10 10 4 ]
l = [ 5 5 5 5 4 4 4 4 4 4 4 4 4 4 4 10 10 10 10 4 ]
Pmin = [ 58 58 58 58 40 40 40 40 40 44 44 44 44 44 44 100 100 100 100 35 ]
Pmax = [ 205 205 205 205 156 156 156 156 156 142 142 142 142 142 142 420 420 420 420 132 ]
cf = [ 17.4183 17.4183 17.4183 17.4183 63.6582 63.6582 63.6582 63.6582 63.6582 66.213 66.213 66.213 66.213 66.213 66.213 14.9336 14.9336 14.9336 14.9336 47.8363 ]
c0 = [ 162 163 166 169 118 119 121 123 126 123 124 126 129 132 135 251 254 258 263 112 ]
cp = [ 34.8979 34.8979 34.8979 34.8979 30.06 30.06 30.06 30.06 30.06 31.2122 31.2122 31.2122 31.2122 31.2122 31.2122 9.30819 9.30819 9.30819 9.30819 33.7343 ]
D = [ 994 1228 1434 1686 1893 2069 2208 2540 2723 2893 3144 3417 3597 3315 3003 2678 2528 2162 2423 2797 3139 2674 2157 1670 1121 1405 1569 1732 2001 2195 2344 2567 2850 3109 3294 3525 3644 3344 2998 2752 2423 2035 2504 3016 3338 2822 2146 1447 ]
K = 5
nk = [ 1 1 1 1 2 2 2 2 2 3 3 3 3 3 3 4 4 4 4 5 ]
First = [ 1 0 0 0 1 0 0 0 0 1 0 0 0 0 0 1 0 0 0 1 ]
Last = [ 0 0 0 1 0 0 0 0 1 0 0 0 0 0 1 0 0 0 1 1 ]
nS = 1
S = [ 6.94616e-310 6.94616e-310 0 0 0 0 0 0 0 0 0 0 0 0 0 0 0 0 0 0 ]
