n = 20 ; 
T = 48 ; 
Init = [ 1 1 1 0 0 1 1 0 0 0 0 0 0 0 0 0 0 0 0 0 ]
L = [ 8 8 3 7 7 8 8 9 2 2 4 4 4 4 4 5 4 4 4 4 ]
l = [ 8 8 3 7 7 8 8 9 2 2 4 4 4 4 4 5 4 4 4 4 ]
Pmin = [ 84 84 31 66 66 81 81 100 21 21 49 49 49 49 49 51 44 44 44 44 ]
Pmax = [ 320 320 92 266 266 334 334 403 58 58 180 180 180 180 180 181 140 140 140 140 ]
cf = [ 47.8182 47.8182 20.9076 11.2837 11.2837 43.556 43.556 34.9751 41.2865 41.2865 60.3794 60.3794 60.3794 60.3794 60.3794 12.8497 66.1912 66.1912 66.1912 66.1912 ]
c0 = [ 216 218 101 185 187 224 226 251 76 76 131 132 134 137 140 136 131 132 134 137 ]
cp = [ 16.4305 16.4305 32.9747 17.2681 17.2681 13.082 13.082 12.4209 33.7462 33.7462 34.7712 34.7712 34.7712 34.7712 34.7712 30.785 28.1881 28.1881 28.1881 28.1881 ]
D = [ 1053 1269 1442 1697 1830 2040 2281 2508 2694 3018 3223 3425 3636 3341 2979 2641 2320 2020 2284 2649 3119 2460 1922 1453 789 1136 1310 1523 1665 1880 2176 2314 2556 2701 2974 3164 3462 3099 2823 2691 2454 2165 2367 2649 2910 2374 1858 1445 ]
K = 9
nk = [ 1 1 2 3 3 4 4 5 6 6 7 7 7 7 7 8 9 9 9 9 ]
First = [ 1 0 1 1 0 1 0 1 1 0 1 0 0 0 0 1 1 0 0 0 ]
Last = [ 0 1 1 0 1 0 1 1 0 1 0 0 0 0 1 1 0 0 0 1 ]
nS = 1
S = [ 6.94616e-310 6.94616e-310 0 0 0 0 0 0 0 0 0 0 0 0 0 0 0 0 0 0 ]
