n = 20 ; 
T = 48 ; 
Init = [ 1 1 1 0 0 0 0 0 0 0 0 0 0 0 0 0 0 0 1 1 ]
L = [ 8 8 8 5 5 5 5 5 5 4 4 4 8 8 8 8 8 8 6 6 ]
l = [ 8 8 8 5 5 5 5 5 5 4 4 4 8 8 8 8 8 8 6 6 ]
Pmin = [ 89 89 89 54 54 54 54 54 54 38 38 38 85 85 85 85 85 85 61 61 ]
Pmax = [ 338 338 338 195 195 195 195 195 195 146 146 146 345 345 345 345 345 345 228 228 ]
cf = [ 56.377 56.377 56.377 24.662 24.662 24.662 24.662 24.662 24.662 66.3577 66.3577 66.3577 35.2635 35.2635 35.2635 35.2635 35.2635 35.2635 52.7541 52.7541 ]
c0 = [ 226 228 232 158 159 161 165 168 173 124 125 127 230 233 236 241 246 253 161 162 ]
cp = [ 17.1458 17.1458 17.1458 34.3021 34.3021 34.3021 34.3021 34.3021 34.3021 30.5699 30.5699 30.5699 20.165 20.165 20.165 20.165 20.165 20.165 33.7328 33.7328 ]
D = [ 1121 1371 1682 1860 2221 2311 2576 2834 3060 3428 3744 3812 4144 3801 3515 3313 2975 2672 3045 3362 3589 2886 2361 1678 1100 1393 1583 1829 2179 2500 2854 3040 3372 3525 3890 4131 4345 4087 3762 3285 3039 2601 3110 3471 3915 3306 2664 1911 ]
K = 5
nk = [ 1 1 1 2 2 2 2 2 2 3 3 3 4 4 4 4 4 4 5 5 ]
First = [ 1 0 0 1 0 0 0 0 0 1 0 0 1 0 0 0 0 0 1 0 ]
Last = [ 0 0 1 0 0 0 0 0 1 0 0 1 0 0 0 0 0 1 0 1 ]
nS = 1
S = [ 6.94616e-310 6.94616e-310 0 0 0 0 0 0 0 0 0 0 0 0 0 0 0 0 0 0 ]
