n = 20 ; 
T = 48 ; 
Init = [ 1 1 0 0 0 0 0 1 1 1 1 1 1 0 0 0 0 1 1 1 ]
L = [ 7 7 10 10 10 9 9 8 2 3 3 3 3 3 3 3 3 6 6 6 ]
l = [ 7 7 10 10 10 9 9 8 2 3 3 3 3 3 3 3 3 6 6 6 ]
Pmin = [ 79 79 100 100 100 100 100 85 18 31 31 31 31 31 31 31 31 59 59 59 ]
Pmax = [ 288 288 420 420 420 415 415 322 57 109 109 109 109 86 86 86 86 239 239 239 ]
cf = [ 59.7072 59.7072 28.7631 28.7631 28.7631 38.6958 38.6958 9.86145 41.6562 67.0869 67.0869 67.0869 67.0869 12.9977 12.9977 12.9977 12.9977 21.5308 21.5308 21.5308 ]
c0 = [ 203 205 251 254 258 251 254 225 56 102 103 104 106 91 92 94 95 172 174 176 ]
cp = [ 19.5219 19.5219 11.1818 11.1818 11.1818 11.0581 11.0581 14.5155 41.5491 33.3377 33.3377 33.3377 33.3377 35.1032 35.1032 35.1032 35.1032 28.9237 28.9237 28.9237 ]
D = [ 1020 1323 1392 1707 1978 2099 2331 2512 2844 2992 3265 3488 3663 3292 3086 2760 2567 2223 2632 3009 3222 2627 2194 1576 1053 1171 1355 1722 1873 2155 2393 2629 2743 2945 3295 3521 3779 3439 3108 2932 2473 2266 2670 3002 3569 2909 2377 1804 ]
K = 8
nk = [ 1 1 2 2 2 3 3 4 5 6 6 6 6 7 7 7 7 8 8 8 ]
First = [ 1 0 1 0 0 1 0 1 1 1 0 0 0 1 0 0 0 1 0 0 ]
Last = [ 0 1 0 0 1 0 1 1 1 0 0 0 1 0 0 0 1 0 0 1 ]
nS = 1
S = [ 6.94616e-310 6.94616e-310 0 0 0 0 0 0 0 0 0 0 0 0 0 0 0 0 0 0 ]
