n = 20 ; 
T = 48 ; 
Init = [ 0 1 1 1 0 0 1 1 1 1 1 1 1 1 1 1 0 1 1 1 ]
L = [ 5 7 7 7 6 6 4 4 4 4 4 4 10 10 10 10 10 7 7 7 ]
l = [ 5 7 7 7 6 6 4 4 4 4 4 4 10 10 10 10 10 7 7 7 ]
Pmin = [ 48 75 75 75 61 61 36 36 36 36 36 36 100 100 100 100 100 72 72 72 ]
Pmax = [ 185 279 279 279 244 244 133 133 133 133 133 133 417 417 417 417 418 286 286 286 ]
cf = [ 54.2611 35.7005 35.7005 35.7005 64.432 64.432 24.0833 24.0833 24.0833 24.0833 24.0833 24.0833 33.6049 33.6049 33.6049 33.6049 38.7976 62.4288 62.4288 62.4288 ]
c0 = [ 145 195 197 200 176 178 100 101 102 104 107 110 251 254 258 263 251 193 195 197 ]
cp = [ 36.0991 19.922 19.922 19.922 35.8101 35.8101 37.0122 37.0122 37.0122 37.0122 37.0122 37.0122 9.84062 9.84062 9.84062 9.84062 9.15392 25.2245 25.2245 25.2245 ]
D = [ 1243 1426 1607 1862 2300 2552 2792 2959 3306 3412 3820 3975 4160 3892 3516 3283 2976 2644 3063 3502 4106 3482 2866 2240 1470 1818 2032 2249 2520 2732 2919 3185 3379 3475 3830 4083 4330 3792 3603 3132 2768 2475 2952 3512 4054 3356 2696 1924 ]
K = 7
nk = [ 1 2 2 2 3 3 4 4 4 4 4 4 5 5 5 5 6 7 7 7 ]
First = [ 1 1 0 0 1 0 1 0 0 0 0 0 1 0 0 0 1 1 0 0 ]
Last = [ 1 0 0 1 0 1 0 0 0 0 0 1 0 0 0 1 1 0 0 1 ]
nS = 1
S = [ 0 0 0 0 0 0 0 0 0 0 0 0 0 0 0 0 0 0 0 0 ]
