n = 20 ; 
T = 48 ; 
Init = [ 0 0 0 0 0 0 0 0 0 0 0 1 1 1 0 0 0 0 0 1 ]
L = [ 4 4 4 4 3 3 3 3 3 4 4 7 7 7 5 5 5 5 5 3 ]
l = [ 4 4 4 4 3 3 3 3 3 4 4 7 7 7 5 5 5 5 5 3 ]
Pmin = [ 46 46 46 46 19 19 19 19 19 37 37 75 75 75 59 59 59 59 59 38 ]
Pmax = [ 173 173 173 173 67 67 67 67 67 130 130 296 296 296 212 212 212 212 212 113 ]
cf = [ 38.7247 38.7247 38.7247 38.7247 47.8094 47.8094 47.8094 47.8094 47.8094 54.6661 54.6661 26.8692 26.8692 26.8692 52.5308 52.5308 52.5308 52.5308 52.5308 39.5916 ]
c0 = [ 128 130 132 134 77 77 79 80 82 100 101 191 193 196 153 154 157 160 164 115 ]
cp = [ 37.3163 37.3163 37.3163 37.3163 35.7331 35.7331 35.7331 35.7331 35.7331 31.667 31.667 16.6494 16.6494 16.6494 27.1174 27.1174 27.1174 27.1174 27.1174 34.0984 ]
D = [ 859 909 1175 1360 1572 1683 1836 2067 2192 2420 2571 2803 2914 2747 2473 2101 1953 1610 2030 2273 2744 2264 1819 1378 820 1092 1281 1348 1571 1764 1862 2150 2315 2464 2562 2774 3028 2739 2443 2225 1930 1664 2034 2267 2672 2253 1656 1219 ]
K = 6
nk = [ 1 1 1 1 2 2 2 2 2 3 3 4 4 4 5 5 5 5 5 6 ]
First = [ 1 0 0 0 1 0 0 0 0 1 0 1 0 0 1 0 0 0 0 1 ]
Last = [ 0 0 0 1 0 0 0 0 1 0 1 0 0 1 0 0 0 0 1 1 ]
nS = 1
S = [ 6.94616e-310 6.94616e-310 0 0 0 0 0 0 0 0 0 0 0 0 0 0 0 0 0 0 ]
