n = 20 ; 
T = 48 ; 
Init = [ 1 1 1 1 1 1 0 0 0 0 0 0 1 1 0 0 0 0 0 0 ]
L = [ 4 4 4 4 4 4 5 5 5 5 5 5 4 4 3 3 3 3 3 3 ]
l = [ 4 4 4 4 4 4 5 5 5 5 5 5 4 4 3 3 3 3 3 3 ]
Pmin = [ 47 47 47 47 47 47 50 50 50 50 50 50 34 34 30 30 30 30 30 30 ]
Pmax = [ 152 152 152 152 152 152 190 190 190 190 190 190 128 128 85 85 85 85 85 85 ]
cf = [ 51.5381 51.5381 51.5381 51.5381 51.5381 51.5381 16.9685 16.9685 16.9685 16.9685 16.9685 16.9685 23.6503 23.6503 11.8504 11.8504 11.8504 11.8504 11.8504 11.8504 ]
c0 = [ 143 145 147 150 153 158 135 136 138 141 144 148 94 95 92 93 94 96 98 101 ]
cp = [ 37.0944 37.0944 37.0944 37.0944 37.0944 37.0944 35.5258 35.5258 35.5258 35.5258 35.5258 35.5258 31.9208 31.9208 37.2145 37.2145 37.2145 37.2145 37.2145 37.2145 ]
D = [ 775 862 1064 1193 1335 1399 1589 1669 1859 2027 2136 2307 2457 2267 2009 1757 1545 1337 1701 1963 2245 1900 1486 1065 705 865 1035 1194 1300 1455 1613 1754 1843 2050 2125 2352 2413 2270 2035 1765 1582 1423 1646 1959 2246 1918 1474 1169 ]
K = 4
nk = [ 1 1 1 1 1 1 2 2 2 2 2 2 3 3 4 4 4 4 4 4 ]
First = [ 1 0 0 0 0 0 1 0 0 0 0 0 1 0 1 0 0 0 0 0 ]
Last = [ 0 0 0 0 0 1 0 0 0 0 0 1 0 1 0 0 0 0 0 1 ]
nS = 1
S = [ 6.94616e-310 6.94616e-310 0 0 0 0 0 0 0 0 0 0 0 0 0 0 0 0 0 0 ]
