n = 20 ; 
T = 96 ; 
Init = [ 1 1 1 1 1 1 1 1 1 1 1 1 1 1 0 0 0 0 0 1 ]
L = [ 6 6 6 6 6 5 5 5 3 3 3 3 3 3 6 6 6 6 6 9 ]
l = [ 6 6 6 6 6 5 5 5 3 3 3 3 3 3 6 6 6 6 6 9 ]
Pmin = [ 61 61 61 61 61 50 50 50 27 27 27 27 27 27 66 66 66 66 66 95 ]
Pmax = [ 234 234 234 234 234 177 177 177 69 69 69 69 69 69 243 243 243 243 243 381 ]
cf = [ 15.8089 15.8089 15.8089 15.8089 15.8089 49.8371 49.8371 49.8371 8.9854 8.9854 8.9854 8.9854 8.9854 8.9854 27.8455 27.8455 27.8455 27.8455 27.8455 52.0952 ]
c0 = [ 178 180 182 186 190 134 136 138 91 92 93 95 97 100 189 191 194 197 202 242 ]
cp = [ 23.7696 23.7696 23.7696 23.7696 23.7696 29.7391 29.7391 29.7391 37.4111 37.4111 37.4111 37.4111 37.4111 37.4111 24.2026 24.2026 24.2026 24.2026 24.2026 17.5019 ]
D = [ 1069 1271 1450 1644 1750 1950 2180 2367 2470 2596 2840 2984 3167 2983 2687 2392 2175 1951 2182 2410 2823 2376 1859 1424 1080 1237 1401 1487 1652 1837 2007 2200 2295 2480 2753 2801 3059 2757 2566 2348 2007 1776 2124 2489 2728 2239 1804 1239 697 950 1166 1349 1455 1743 1928 2057 2352 2420 2629 2798 2977 2771 2587 2252 1943 1777 2036 2283 2577 2233 1901 1515 1129 1266 1392 1565 1727 1994 2081 2341 2454 2629 2845 2984 3177 2935 2624 2283 2115 1727 2040 2371 2653 2205 1823 1430 ]
K = 5
nk = [ 1 1 1 1 1 2 2 2 3 3 3 3 3 3 4 4 4 4 4 5 ]
First = [ 1 0 0 0 0 1 0 0 1 0 0 0 0 0 1 0 0 0 0 1 ]
Last = [ 0 0 0 0 1 0 0 1 0 0 0 0 0 1 0 0 0 0 1 1 ]
nS = 1
S = [ 6.94616e-310 6.94616e-310 0 0 0 0 0 0 0 0 0 0 0 0 0 0 0 0 0 0 ]
