n = 20 ; 
T = 96 ; 
Init = [ 1 1 1 0 0 0 0 0 1 1 1 1 0 1 1 1 1 1 1 1 ]
L = [ 3 3 3 4 4 4 4 4 9 9 9 9 3 7 7 7 7 10 10 10 ]
l = [ 3 3 3 4 4 4 4 4 9 9 9 9 3 7 7 7 7 10 10 10 ]
Pmin = [ 22 22 25 41 41 41 41 41 100 100 100 100 25 84 84 84 84 100 100 100 ]
Pmax = [ 72 72 82 130 130 130 130 130 408 408 408 408 62 311 311 311 311 412 412 412 ]
cf = [ 46.933 46.933 28.1846 36.8502 36.8502 36.8502 36.8502 36.8502 31.1245 31.1245 31.1245 31.1245 66.454 63.5658 63.5658 63.5658 63.5658 30.7232 30.7232 30.7232 ]
c0 = [ 82 83 87 112 113 115 117 120 251 254 258 263 91 220 222 225 230 251 254 258 ]
cp = [ 34.1943 34.1943 36.134 34.1635 34.1635 34.1635 34.1635 34.1635 13.0499 13.0499 13.0499 13.0499 41.3648 15.1456 15.1456 15.1456 15.1456 12.7956 12.7956 12.7956 ]
D = [ 1238 1409 1668 1805 2138 2330 2654 2927 3147 3251 3637 3848 4049 3866 3420 3292 2877 2634 2898 3366 3686 2970 2409 1786 1224 1432 1579 1893 2119 2364 2771 2949 3278 3514 3673 3864 4247 3808 3594 3307 2905 2643 3068 3348 3649 3116 2491 2023 1431 1591 1856 2013 2269 2594 2722 2969 3243 3498 3617 3874 4033 3779 3452 3176 2820 2720 3058 3454 3950 3142 2413 1831 1197 1317 1680 1840 2205 2504 2697 2964 3169 3589 3707 3946 4262 4022 3603 3359 2879 2675 3011 3165 3533 2997 2581 1971 ]
K = 7
nk = [ 1 1 2 3 3 3 3 3 4 4 4 4 5 6 6 6 6 7 7 7 ]
First = [ 1 0 1 1 0 0 0 0 1 0 0 0 1 1 0 0 0 1 0 0 ]
Last = [ 0 1 1 0 0 0 0 1 0 0 0 1 1 0 0 0 1 0 0 1 ]
nS = 1
S = [ 6.94616e-310 6.94616e-310 0 0 0 0 0 0 0 0 0 0 0 0 0 0 0 0 0 0 ]
