n = 20 ; 
T = 96 ; 
Init = [ 1 1 1 1 1 1 1 1 1 1 1 1 0 0 0 0 0 0 0 0 ]
L = [ 8 8 4 4 4 4 5 5 5 5 5 5 7 7 7 7 7 7 8 8 ]
l = [ 8 8 4 4 4 4 5 5 5 5 5 5 7 7 7 7 7 7 8 8 ]
Pmin = [ 85 85 41 41 41 41 57 57 57 57 57 57 69 69 69 69 69 69 78 78 ]
Pmax = [ 316 316 124 124 124 124 208 208 208 208 208 208 268 268 268 268 268 268 320 320 ]
cf = [ 61.5091 61.5091 48.8706 48.8706 48.8706 48.8706 49.3635 49.3635 49.3635 49.3635 49.3635 49.3635 30.6108 30.6108 30.6108 30.6108 30.6108 30.6108 10.1221 10.1221 ]
c0 = [ 226 228 125 126 128 130 170 171 174 177 182 187 194 196 199 202 207 213 200 202 ]
cp = [ 14.6161 14.6161 33.413 33.413 33.413 33.413 24.0713 24.0713 24.0713 24.0713 24.0713 24.0713 22.4348 22.4348 22.4348 22.4348 22.4348 22.4348 11.6914 11.6914 ]
D = [ 1111 1375 1534 1872 2050 2316 2539 2679 2947 3300 3380 3695 3844 3554 3303 3024 2674 2270 2683 3226 3536 2947 2353 1733 1088 1192 1595 1704 1921 2247 2488 2742 2875 3211 3317 3571 3942 3580 3201 2858 2558 2212 2750 3092 3488 2949 2350 1756 1160 1321 1611 1743 2072 2421 2536 2769 3125 3257 3573 3846 4034 3765 3383 3107 2776 2369 2717 3150 3658 3063 2423 1767 1225 1537 1785 1860 2209 2521 2671 2933 3106 3422 3602 3839 4217 3797 3349 3005 2554 2181 2704 3231 3612 3047 2374 1877 ]
K = 5
nk = [ 1 1 2 2 2 2 3 3 3 3 3 3 4 4 4 4 4 4 5 5 ]
First = [ 1 0 1 0 0 0 1 0 0 0 0 0 1 0 0 0 0 0 1 0 ]
Last = [ 0 1 0 0 0 1 0 0 0 0 0 1 0 0 0 0 0 1 0 1 ]
nS = 1
S = [ 6.94616e-310 6.94616e-310 0 0 0 0 0 0 0 0 0 0 0 0 0 0 0 0 0 0 ]
