n = 20 ; 
T = 96 ; 
Init = [ 1 1 1 1 0 0 1 1 1 1 1 0 0 1 1 1 1 1 1 0 ]
L = [ 9 9 9 9 8 8 8 8 8 8 8 10 10 9 9 9 9 9 9 5 ]
l = [ 9 9 9 9 8 8 8 8 8 8 8 10 10 9 9 9 9 9 9 5 ]
Pmin = [ 100 100 100 100 89 89 73 95 95 95 95 100 100 99 99 99 99 99 99 59 ]
Pmax = [ 404 404 404 404 372 372 302 374 374 374 374 418 418 393 393 393 393 393 393 224 ]
cf = [ 32.8389 32.8389 32.8389 32.8389 11.9508 11.9508 7.95364 49.515 49.515 49.515 49.515 47.0687 47.0687 13.6434 13.6434 13.6434 13.6434 13.6434 13.6434 38.6939 ]
c0 = [ 251 254 258 263 238 240 201 245 247 251 256 251 254 251 254 258 263 269 276 171 ]
cp = [ 11.6337 11.6337 11.6337 11.6337 13.9301 13.9301 17.9359 19.3617 19.3617 19.3617 19.3617 8.70722 8.70722 15.4087 15.4087 15.4087 15.4087 15.4087 15.4087 29.8928 ]
D = [ 1798 2264 2595 2864 3250 3609 4082 4367 4707 5077 5653 5832 6322 5829 5305 4865 4432 4144 4575 5202 5724 4856 3856 3002 2047 2575 2781 3289 3480 3895 4121 4610 4830 5280 5745 5970 6329 6018 5476 4897 4208 3676 4209 4779 5541 4335 3361 2606 1616 1879 2283 2886 3300 3853 4289 4759 5179 5442 5773 6284 6653 6131 5618 4884 4354 3796 4458 5177 5838 4812 3734 2763 1589 2212 2332 2768 3358 3646 4060 4464 4752 5199 5587 6005 6348 5604 5353 4553 4187 3790 4228 5074 5557 4714 3612 2762 ]
K = 7
nk = [ 1 1 1 1 2 2 3 4 4 4 4 5 5 6 6 6 6 6 6 7 ]
First = [ 1 0 0 0 1 0 1 1 0 0 0 1 0 1 0 0 0 0 0 1 ]
Last = [ 0 0 0 1 0 1 1 0 0 0 1 0 1 0 0 0 0 0 1 1 ]
nS = 1
S = [ 6.94616e-310 6.94616e-310 0 0 0 0 0 0 0 0 0 0 0 0 0 0 0 0 0 0 ]
