n = 20 ; 
T = 96 ; 
Init = [ 1 1 1 1 1 0 0 0 0 0 0 0 0 0 0 0 0 0 0 1 ]
L = [ 6 6 6 6 6 4 4 4 6 6 6 6 6 6 4 4 4 4 4 8 ]
l = [ 6 6 6 6 6 4 4 4 6 6 6 6 6 6 4 4 4 4 4 8 ]
Pmin = [ 66 66 66 66 66 41 41 41 66 66 66 66 66 66 45 45 45 45 45 89 ]
Pmax = [ 253 253 253 253 253 136 136 136 266 266 266 266 266 266 149 149 149 149 149 358 ]
cf = [ 62.7002 62.7002 62.7002 62.7002 62.7002 54.3653 54.3653 54.3653 8.72157 8.72157 8.72157 8.72157 8.72157 8.72157 33.0498 33.0498 33.0498 33.0498 33.0498 31.9961 ]
c0 = [ 178 180 183 186 191 118 120 121 184 186 189 192 197 202 120 121 123 125 128 239 ]
cp = [ 27.8607 27.8607 27.8607 27.8607 27.8607 32.3833 32.3833 32.3833 30.1197 30.1197 30.1197 30.1197 30.1197 30.1197 31.7241 31.7241 31.7241 31.7241 31.7241 14.1897 ]
D = [ 1091 1273 1601 1703 2060 2196 2520 2680 2864 3081 3412 3536 3811 3444 3145 2872 2571 2113 2573 2938 3483 2901 2293 1728 1227 1394 1697 1824 2098 2283 2371 2559 2848 3049 3200 3485 3621 3372 3057 2668 2441 2174 2440 2886 3297 2637 2163 1655 1136 1291 1533 1824 2089 2264 2461 2716 2961 3153 3329 3581 3906 3439 3250 2877 2556 2089 2407 2737 2994 2594 1996 1477 980 1262 1492 1691 1989 2110 2347 2595 2861 3129 3221 3453 3671 3436 3237 2793 2526 2288 2610 2790 3149 2552 2087 1611 ]
K = 5
nk = [ 1 1 1 1 1 2 2 2 3 3 3 3 3 3 4 4 4 4 4 5 ]
First = [ 1 0 0 0 0 1 0 0 1 0 0 0 0 0 1 0 0 0 0 1 ]
Last = [ 0 0 0 0 1 0 0 1 0 0 0 0 0 1 0 0 0 0 1 1 ]
nS = 1
S = [ 6.94616e-310 6.94616e-310 0 0 0 0 0 0 0 0 0 0 0 0 0 0 0 0 0 0 ]
