n = 60 ; 
T = 48 ; 
Init = [ 0 0 0 0 0 0 0 0 0 0 0 0 0 0 0 0 0 0 0 0 0 0 0 0 0 0 0 0 0 0 0 0 0 0 0 0 0 0 0 0 0 0 0 0 0 0 0 0 0 0 0 0 0 0 0 0 0 0 0 0 ]
L = [ 18 18 18 18 18 18 18 18 18 18 18 18 18 18 18 17 17 17 17 17 17 17 17 17 17 17 17 17 17 17 20 20 20 20 20 20 20 20 20 20 20 20 20 20 20 12 12 12 12 12 12 12 12 12 12 12 12 12 12 12 ]
l = [ 18 18 18 18 18 18 18 18 18 18 18 18 18 18 18 17 17 17 17 17 17 17 17 17 17 17 17 17 17 17 20 20 20 20 20 20 20 20 20 20 20 20 20 20 20 12 12 12 12 12 12 12 12 12 12 12 12 12 12 12 ]
Pmin = [ 99 99 99 99 99 99 99 99 99 99 99 99 99 99 99 93 93 93 93 93 93 93 93 93 93 93 93 93 93 93 100 100 100 100 100 100 100 100 100 100 100 100 100 100 100 66 66 66 66 66 66 66 66 66 66 66 66 66 66 66 ]
Pmax = [ 413 413 413 413 413 413 413 413 413 413 413 413 413 413 413 355 355 355 355 355 355 355 355 355 355 355 355 355 355 355 420 420 420 420 420 420 420 420 420 420 420 420 420 420 420 258 258 258 258 258 258 258 258 258 258 258 258 258 258 258 ]
cf = [ 58.3555 58.3555 58.3555 58.3555 58.3555 58.3555 58.3555 58.3555 58.3555 58.3555 58.3555 58.3555 58.3555 58.3555 58.3555 29.1213 29.1213 29.1213 29.1213 29.1213 29.1213 29.1213 29.1213 29.1213 29.1213 29.1213 29.1213 29.1213 29.1213 29.1213 51.6663 51.6663 51.6663 51.6663 51.6663 51.6663 51.6663 51.6663 51.6663 51.6663 51.6663 51.6663 51.6663 51.6663 51.6663 9.17775 9.17775 9.17775 9.17775 9.17775 9.17775 9.17775 9.17775 9.17775 9.17775 9.17775 9.17775 9.17775 9.17775 9.17775 ]
c0 = [ 250 250 250 250 250 250 250 250 250 250 250 250 250 250 250 238 238 238 238 238 238 238 238 238 238 238 238 238 238 238 250 250 250 250 250 250 250 250 250 250 250 250 250 250 250 176 176 176 176 176 176 176 176 176 176 176 176 176 176 176 ]
cp = [ 14.2945 14.2945 14.2945 14.2945 14.2945 14.2945 14.2945 14.2945 14.2945 14.2945 14.2945 14.2945 14.2945 14.2945 14.2945 11.6774 11.6774 11.6774 11.6774 11.6774 11.6774 11.6774 11.6774 11.6774 11.6774 11.6774 11.6774 11.6774 11.6774 11.6774 8.10051 8.10051 8.10051 8.10051 8.10051 8.10051 8.10051 8.10051 8.10051 8.10051 8.10051 8.10051 8.10051 8.10051 8.10051 38.3107 38.3107 38.3107 38.3107 38.3107 38.3107 38.3107 38.3107 38.3107 38.3107 38.3107 38.3107 38.3107 38.3107 38.3107 ]
D = [ 5929 6172 7092 7089 7748 8779 8975 9870 9987 10705 11070 11945 12135 12825 13709 14293 14667 15752 16315 16218 17174 17376 18177 18566 19691 18155 18073 17262 16363 15631 14805 13827 12766 12289 11603 12380 13245 13935 15035 16313 17148 15667 14004 12950 11587 10236 8327 7633 ]
K = 4
nk = [ 1 1 1 1 1 1 1 1 1 1 1 1 1 1 1 2 2 2 2 2 2 2 2 2 2 2 2 2 2 2 3 3 3 3 3 3 3 3 3 3 3 3 3 3 3 4 4 4 4 4 4 4 4 4 4 4 4 4 4 4 ]
First = [ 1 0 0 0 0 0 0 0 0 0 0 0 0 0 0 1 0 0 0 0 0 0 0 0 0 0 0 0 0 0 1 0 0 0 0 0 0 0 0 0 0 0 0 0 0 1 0 0 0 0 0 0 0 0 0 0 0 0 0 0 ]
Last = [ 0 0 0 0 0 0 0 0 0 0 0 0 0 0 1 0 0 0 0 0 0 0 0 0 0 0 0 0 0 1 0 0 0 0 0 0 0 0 0 0 0 0 0 0 1 0 0 0 0 0 0 0 0 0 0 0 0 0 0 1 ]
nS = 1
S = [ 0 1 2 3 4 5 6 7 8 9 10 11 12 13 14 15 16 17 18 19 20 21 22 23 24 25 26 27 28 29 30 31 32 33 34 35 36 37 38 39 40 41 42 43 44 45 46 47 48 49 50 51 52 53 54 55 56 57 58 59 ]
