n = 60 ; 
T = 48 ; 
Init = [ 0 0 0 0 0 0 0 0 0 0 0 0 1 1 1 1 1 1 1 1 1 1 1 1 0 0 0 0 0 0 0 0 0 0 0 0 1 1 1 1 1 1 1 1 1 1 1 1 1 1 1 1 1 1 1 1 1 1 1 1 ]
L = [ 11 11 11 11 11 11 11 11 11 11 11 11 17 17 17 17 17 17 17 17 17 17 17 17 20 20 20 20 20 20 20 20 20 20 20 20 8 8 8 8 8 8 8 8 8 8 8 8 7 7 7 7 7 7 7 7 7 7 7 7 ]
l = [ 11 11 11 11 11 11 11 11 11 11 11 11 17 17 17 17 17 17 17 17 17 17 17 17 20 20 20 20 20 20 20 20 20 20 20 20 8 8 8 8 8 8 8 8 8 8 8 8 7 7 7 7 7 7 7 7 7 7 7 7 ]
Pmin = [ 59 59 59 59 59 59 59 59 59 59 59 59 95 95 95 95 95 95 95 95 95 95 95 95 100 100 100 100 100 100 100 100 100 100 100 100 40 40 40 40 40 40 40 40 40 40 40 40 36 36 36 36 36 36 36 36 36 36 36 36 ]
Pmax = [ 222 222 222 222 222 222 222 222 222 222 222 222 362 362 362 362 362 362 362 362 362 362 362 362 420 420 420 420 420 420 420 420 420 420 420 420 136 136 136 136 136 136 136 136 136 136 136 136 127 127 127 127 127 127 127 127 127 127 127 127 ]
cf = [ 31.7909 31.7909 31.7909 31.7909 31.7909 31.7909 31.7909 31.7909 31.7909 31.7909 31.7909 31.7909 15.6873 15.6873 15.6873 15.6873 15.6873 15.6873 15.6873 15.6873 15.6873 15.6873 15.6873 15.6873 60.018 60.018 60.018 60.018 60.018 60.018 60.018 60.018 60.018 60.018 60.018 60.018 36.9678 36.9678 36.9678 36.9678 36.9678 36.9678 36.9678 36.9678 36.9678 36.9678 36.9678 36.9678 7.81201 7.81201 7.81201 7.81201 7.81201 7.81201 7.81201 7.81201 7.81201 7.81201 7.81201 7.81201 ]
c0 = [ 164 164 164 164 164 164 164 164 164 164 164 164 247 247 247 247 247 247 247 247 247 247 247 247 250 250 250 250 250 250 250 250 250 250 250 250 108 108 108 108 108 108 108 108 108 108 108 108 110 110 110 110 110 110 110 110 110 110 110 110 ]
cp = [ 28.1546 28.1546 28.1546 28.1546 28.1546 28.1546 28.1546 28.1546 28.1546 28.1546 28.1546 28.1546 10.1494 10.1494 10.1494 10.1494 10.1494 10.1494 10.1494 10.1494 10.1494 10.1494 10.1494 10.1494 9.18305 9.18305 9.18305 9.18305 9.18305 9.18305 9.18305 9.18305 9.18305 9.18305 9.18305 9.18305 31.0422 31.0422 31.0422 31.0422 31.0422 31.0422 31.0422 31.0422 31.0422 31.0422 31.0422 31.0422 39.6964 39.6964 39.6964 39.6964 39.6964 39.6964 39.6964 39.6964 39.6964 39.6964 39.6964 39.6964 ]
D = [ 2998 3563 4365 4474 4865 5360 5990 6054 6699 6856 7279 7704 8138 8517 8822 9236 9951 10163 10898 11196 11688 11836 12220 12769 13085 12452 12057 11261 11105 10055 9343 8697 8404 7470 7125 8215 8769 9438 10176 10959 11977 10963 9994 9271 8220 7141 6416 5057 ]
K = 5
nk = [ 1 1 1 1 1 1 1 1 1 1 1 1 2 2 2 2 2 2 2 2 2 2 2 2 3 3 3 3 3 3 3 3 3 3 3 3 4 4 4 4 4 4 4 4 4 4 4 4 5 5 5 5 5 5 5 5 5 5 5 5 ]
First = [ 1 0 0 0 0 0 0 0 0 0 0 0 1 0 0 0 0 0 0 0 0 0 0 0 1 0 0 0 0 0 0 0 0 0 0 0 1 0 0 0 0 0 0 0 0 0 0 0 1 0 0 0 0 0 0 0 0 0 0 0 ]
Last = [ 0 0 0 0 0 0 0 0 0 0 0 1 0 0 0 0 0 0 0 0 0 0 0 1 0 0 0 0 0 0 0 0 0 0 0 1 0 0 0 0 0 0 0 0 0 0 0 1 0 0 0 0 0 0 0 0 0 0 0 1 ]
nS = 1
S = [ 0 1 2 3 4 5 6 7 8 9 10 11 12 13 14 15 16 17 18 19 20 21 22 23 24 25 26 27 28 29 30 31 32 33 34 35 36 37 38 39 40 41 42 43 44 45 46 47 48 49 50 51 52 53 54 55 56 57 58 59 ]
