n = 60 ; 
T = 48 ; 
Init = [ 1 1 1 1 1 1 1 1 1 1 1 1 1 1 1 1 1 1 1 1 1 1 1 1 1 1 1 1 1 1 1 1 1 1 1 1 0 0 0 0 0 0 0 0 0 0 0 0 1 1 1 1 1 1 1 1 1 1 1 1 ]
L = [ 4 4 4 4 4 4 4 4 4 4 4 4 8 8 8 8 8 8 8 8 8 8 8 8 18 18 18 18 18 18 18 18 18 18 18 18 7 7 7 7 7 7 7 7 7 7 7 7 13 13 13 13 13 13 13 13 13 13 13 13 ]
l = [ 4 4 4 4 4 4 4 4 4 4 4 4 8 8 8 8 8 8 8 8 8 8 8 8 18 18 18 18 18 18 18 18 18 18 18 18 7 7 7 7 7 7 7 7 7 7 7 7 13 13 13 13 13 13 13 13 13 13 13 13 ]
Pmin = [ 20 20 20 20 20 20 20 20 20 20 20 20 41 41 41 41 41 41 41 41 41 41 41 41 95 95 95 95 95 95 95 95 95 95 95 95 29 29 29 29 29 29 29 29 29 29 29 29 61 61 61 61 61 61 61 61 61 61 61 61 ]
Pmax = [ 47 47 47 47 47 47 47 47 47 47 47 47 132 132 132 132 132 132 132 132 132 132 132 132 394 394 394 394 394 394 394 394 394 394 394 394 103 103 103 103 103 103 103 103 103 103 103 103 245 245 245 245 245 245 245 245 245 245 245 245 ]
cf = [ 9.22641 9.22641 9.22641 9.22641 9.22641 9.22641 9.22641 9.22641 9.22641 9.22641 9.22641 9.22641 22.319 22.319 22.319 22.319 22.319 22.319 22.319 22.319 22.319 22.319 22.319 22.319 8.87987 8.87987 8.87987 8.87987 8.87987 8.87987 8.87987 8.87987 8.87987 8.87987 8.87987 8.87987 63.4133 63.4133 63.4133 63.4133 63.4133 63.4133 63.4133 63.4133 63.4133 63.4133 63.4133 63.4133 11.9082 11.9082 11.9082 11.9082 11.9082 11.9082 11.9082 11.9082 11.9082 11.9082 11.9082 11.9082 ]
c0 = [ 62 62 62 62 62 62 62 62 62 62 62 62 118 118 118 118 118 118 118 118 118 118 118 118 243 243 243 243 243 243 243 243 243 243 243 243 102 102 102 102 102 102 102 102 102 102 102 102 168 168 168 168 168 168 168 168 168 168 168 168 ]
cp = [ 34.3046 34.3046 34.3046 34.3046 34.3046 34.3046 34.3046 34.3046 34.3046 34.3046 34.3046 34.3046 28.0026 28.0026 28.0026 28.0026 28.0026 28.0026 28.0026 28.0026 28.0026 28.0026 28.0026 28.0026 9.42239 9.42239 9.42239 9.42239 9.42239 9.42239 9.42239 9.42239 9.42239 9.42239 9.42239 9.42239 24.6262 24.6262 24.6262 24.6262 24.6262 24.6262 24.6262 24.6262 24.6262 24.6262 24.6262 24.6262 21.112 21.112 21.112 21.112 21.112 21.112 21.112 21.112 21.112 21.112 21.112 21.112 ]
D = [ 2499 2999 3252 3394 3607 3751 4303 4520 4544 4999 5196 5590 5536 5888 6413 6590 6802 7135 7314 7592 7876 8231 8559 8575 9069 8489 8304 7867 7679 7329 6885 6403 6287 5831 5668 5764 6337 6726 7216 7547 7683 7096 6544 5794 5293 4559 4162 3165 ]
K = 5
nk = [ 1 1 1 1 1 1 1 1 1 1 1 1 2 2 2 2 2 2 2 2 2 2 2 2 3 3 3 3 3 3 3 3 3 3 3 3 4 4 4 4 4 4 4 4 4 4 4 4 5 5 5 5 5 5 5 5 5 5 5 5 ]
First = [ 1 0 0 0 0 0 0 0 0 0 0 0 1 0 0 0 0 0 0 0 0 0 0 0 1 0 0 0 0 0 0 0 0 0 0 0 1 0 0 0 0 0 0 0 0 0 0 0 1 0 0 0 0 0 0 0 0 0 0 0 ]
Last = [ 0 0 0 0 0 0 0 0 0 0 0 1 0 0 0 0 0 0 0 0 0 0 0 1 0 0 0 0 0 0 0 0 0 0 0 1 0 0 0 0 0 0 0 0 0 0 0 1 0 0 0 0 0 0 0 0 0 0 0 1 ]
nS = 1
S = [ 0 1 2 3 4 5 6 7 8 9 10 11 12 13 14 15 16 17 18 19 20 21 22 23 24 25 26 27 28 29 30 31 32 33 34 35 36 37 38 39 40 41 42 43 44 45 46 47 48 49 50 51 52 53 54 55 56 57 58 59 ]
