n = 60 ; 
T = 48 ; 
Init = [ 0 0 0 0 0 0 0 0 0 0 0 0 0 0 0 0 0 0 0 0 0 0 0 0 0 0 0 0 0 0 0 0 0 0 0 0 0 0 0 0 0 0 0 0 0 0 0 0 0 0 0 0 0 0 0 0 0 0 0 0 ]
L = [ 9 9 9 9 9 9 9 9 9 9 20 20 20 20 20 20 20 20 20 20 9 9 9 9 9 9 9 9 9 9 19 19 19 19 19 19 19 19 19 19 19 19 19 19 19 19 19 19 19 19 12 12 12 12 12 12 12 12 12 12 ]
l = [ 9 9 9 9 9 9 9 9 9 9 20 20 20 20 20 20 20 20 20 20 9 9 9 9 9 9 9 9 9 9 19 19 19 19 19 19 19 19 19 19 19 19 19 19 19 19 19 19 19 19 12 12 12 12 12 12 12 12 12 12 ]
Pmin = [ 51 51 51 51 51 51 51 51 51 51 100 100 100 100 100 100 100 100 100 100 42 42 42 42 42 42 42 42 42 42 96 96 96 96 96 96 96 96 96 96 100 100 100 100 100 100 100 100 100 100 59 59 59 59 59 59 59 59 59 59 ]
Pmax = [ 184 184 184 184 184 184 184 184 184 184 420 420 420 420 420 420 420 420 420 420 161 161 161 161 161 161 161 161 161 161 399 399 399 399 399 399 399 399 399 399 398 398 398 398 398 398 398 398 398 398 228 228 228 228 228 228 228 228 228 228 ]
cf = [ 31.8343 31.8343 31.8343 31.8343 31.8343 31.8343 31.8343 31.8343 31.8343 31.8343 67.2407 67.2407 67.2407 67.2407 67.2407 67.2407 67.2407 67.2407 67.2407 67.2407 20.8907 20.8907 20.8907 20.8907 20.8907 20.8907 20.8907 20.8907 20.8907 20.8907 62.7457 62.7457 62.7457 62.7457 62.7457 62.7457 62.7457 62.7457 62.7457 62.7457 34.6414 34.6414 34.6414 34.6414 34.6414 34.6414 34.6414 34.6414 34.6414 34.6414 7.07711 7.07711 7.07711 7.07711 7.07711 7.07711 7.07711 7.07711 7.07711 7.07711 ]
c0 = [ 149 149 149 149 149 149 149 149 149 149 250 250 250 250 250 250 250 250 250 250 126 126 126 126 126 126 126 126 126 126 250 250 250 250 250 250 250 250 250 250 250 250 250 250 250 250 250 250 250 250 163 163 163 163 163 163 163 163 163 163 ]
cp = [ 36.4466 36.4466 36.4466 36.4466 36.4466 36.4466 36.4466 36.4466 36.4466 36.4466 8.13136 8.13136 8.13136 8.13136 8.13136 8.13136 8.13136 8.13136 8.13136 8.13136 36.0512 36.0512 36.0512 36.0512 36.0512 36.0512 36.0512 36.0512 36.0512 36.0512 9.31892 9.31892 9.31892 9.31892 9.31892 9.31892 9.31892 9.31892 9.31892 9.31892 15.2492 15.2492 15.2492 15.2492 15.2492 15.2492 15.2492 15.2492 15.2492 15.2492 17.2691 17.2691 17.2691 17.2691 17.2691 17.2691 17.2691 17.2691 17.2691 17.2691 ]
D = [ 3746 4520 4626 5023 5647 5904 6958 7124 7627 7891 8963 9161 9750 9914 11051 10965 11365 12050 12910 12945 13396 14413 14985 15170 15552 15127 14348 13680 13174 12093 11814 10714 9910 9240 8757 9500 10009 10788 11916 12431 12977 12093 10440 9923 8706 7693 5877 5280 ]
K = 6
nk = [ 1 1 1 1 1 1 1 1 1 1 2 2 2 2 2 2 2 2 2 2 3 3 3 3 3 3 3 3 3 3 4 4 4 4 4 4 4 4 4 4 5 5 5 5 5 5 5 5 5 5 6 6 6 6 6 6 6 6 6 6 ]
First = [ 1 0 0 0 0 0 0 0 0 0 1 0 0 0 0 0 0 0 0 0 1 0 0 0 0 0 0 0 0 0 1 0 0 0 0 0 0 0 0 0 1 0 0 0 0 0 0 0 0 0 1 0 0 0 0 0 0 0 0 0 ]
Last = [ 0 0 0 0 0 0 0 0 0 1 0 0 0 0 0 0 0 0 0 1 0 0 0 0 0 0 0 0 0 1 0 0 0 0 0 0 0 0 0 1 0 0 0 0 0 0 0 0 0 1 0 0 0 0 0 0 0 0 0 1 ]
nS = 1
S = [ 0 1 2 3 4 5 6 7 8 9 10 11 12 13 14 15 16 17 18 19 20 21 22 23 24 25 26 27 28 29 30 31 32 33 34 35 36 37 38 39 40 41 42 43 44 45 46 47 48 49 50 51 52 53 54 55 56 57 58 59 ]
