n = 60 ; 
T = 48 ; 
Init = [ 0 0 0 0 0 0 0 0 0 0 0 0 1 1 1 1 1 1 1 1 1 1 1 1 0 0 0 0 0 0 0 0 0 0 0 0 0 0 0 0 0 0 0 0 0 0 0 0 1 1 1 1 1 1 1 1 1 1 1 1 ]
L = [ 6 6 6 6 6 6 6 6 6 6 6 6 17 17 17 17 17 17 17 17 17 17 17 17 14 14 14 14 14 14 14 14 14 14 14 14 19 19 19 19 19 19 19 19 19 19 19 19 19 19 19 19 19 19 19 19 19 19 19 19 ]
l = [ 6 6 6 6 6 6 6 6 6 6 6 6 17 17 17 17 17 17 17 17 17 17 17 17 14 14 14 14 14 14 14 14 14 14 14 14 19 19 19 19 19 19 19 19 19 19 19 19 19 19 19 19 19 19 19 19 19 19 19 19 ]
Pmin = [ 33 33 33 33 33 33 33 33 33 33 33 33 87 87 87 87 87 87 87 87 87 87 87 87 75 75 75 75 75 75 75 75 75 75 75 75 100 100 100 100 100 100 100 100 100 100 100 100 96 96 96 96 96 96 96 96 96 96 96 96 ]
Pmax = [ 102 102 102 102 102 102 102 102 102 102 102 102 341 341 341 341 341 341 341 341 341 341 341 341 292 292 292 292 292 292 292 292 292 292 292 292 418 418 418 418 418 418 418 418 418 418 418 418 401 401 401 401 401 401 401 401 401 401 401 401 ]
cf = [ 40.8604 40.8604 40.8604 40.8604 40.8604 40.8604 40.8604 40.8604 40.8604 40.8604 40.8604 40.8604 38.8206 38.8206 38.8206 38.8206 38.8206 38.8206 38.8206 38.8206 38.8206 38.8206 38.8206 38.8206 64.8706 64.8706 64.8706 64.8706 64.8706 64.8706 64.8706 64.8706 64.8706 64.8706 64.8706 64.8706 68.3552 68.3552 68.3552 68.3552 68.3552 68.3552 68.3552 68.3552 68.3552 68.3552 68.3552 68.3552 51.8124 51.8124 51.8124 51.8124 51.8124 51.8124 51.8124 51.8124 51.8124 51.8124 51.8124 51.8124 ]
c0 = [ 102 102 102 102 102 102 102 102 102 102 102 102 228 228 228 228 228 228 228 228 228 228 228 228 190 190 190 190 190 190 190 190 190 190 190 190 250 250 250 250 250 250 250 250 250 250 250 250 250 250 250 250 250 250 250 250 250 250 250 250 ]
cp = [ 37.6702 37.6702 37.6702 37.6702 37.6702 37.6702 37.6702 37.6702 37.6702 37.6702 37.6702 37.6702 16.3492 16.3492 16.3492 16.3492 16.3492 16.3492 16.3492 16.3492 16.3492 16.3492 16.3492 16.3492 17.8008 17.8008 17.8008 17.8008 17.8008 17.8008 17.8008 17.8008 17.8008 17.8008 17.8008 17.8008 10.3855 10.3855 10.3855 10.3855 10.3855 10.3855 10.3855 10.3855 10.3855 10.3855 10.3855 10.3855 9.48552 9.48552 9.48552 9.48552 9.48552 9.48552 9.48552 9.48552 9.48552 9.48552 9.48552 9.48552 ]
D = [ 5432 5945 5947 6717 7580 7740 8045 8267 9019 9483 9857 10823 10625 11653 12167 12159 12881 13128 14095 14492 14599 14942 16049 16238 16446 15992 15115 14497 13506 12822 11935 11748 10359 9751 9116 9681 11069 11830 12146 13068 13823 12829 11541 10415 9232 8732 7127 6195 ]
K = 5
nk = [ 1 1 1 1 1 1 1 1 1 1 1 1 2 2 2 2 2 2 2 2 2 2 2 2 3 3 3 3 3 3 3 3 3 3 3 3 4 4 4 4 4 4 4 4 4 4 4 4 5 5 5 5 5 5 5 5 5 5 5 5 ]
First = [ 1 0 0 0 0 0 0 0 0 0 0 0 1 0 0 0 0 0 0 0 0 0 0 0 1 0 0 0 0 0 0 0 0 0 0 0 1 0 0 0 0 0 0 0 0 0 0 0 1 0 0 0 0 0 0 0 0 0 0 0 ]
Last = [ 0 0 0 0 0 0 0 0 0 0 0 1 0 0 0 0 0 0 0 0 0 0 0 1 0 0 0 0 0 0 0 0 0 0 0 1 0 0 0 0 0 0 0 0 0 0 0 1 0 0 0 0 0 0 0 0 0 0 0 1 ]
nS = 1
S = [ 0 1 2 3 4 5 6 7 8 9 10 11 12 13 14 15 16 17 18 19 20 21 22 23 24 25 26 27 28 29 30 31 32 33 34 35 36 37 38 39 40 41 42 43 44 45 46 47 48 49 50 51 52 53 54 55 56 57 58 59 ]
