n = 60 ; 
T = 48 ; 
Init = [ 1 1 1 1 1 1 1 1 1 1 0 0 0 0 0 0 0 0 0 0 0 0 0 0 0 0 0 0 0 0 0 0 0 0 0 0 0 0 0 0 0 0 0 0 0 0 0 0 0 0 1 1 1 1 1 1 1 1 1 1 ]
L = [ 9 9 9 9 9 9 9 9 9 9 18 18 18 18 18 18 18 18 18 18 19 19 19 19 19 19 19 19 19 19 10 10 10 10 10 10 10 10 10 10 16 16 16 16 16 16 16 16 16 16 7 7 7 7 7 7 7 7 7 7 ]
l = [ 9 9 9 9 9 9 9 9 9 9 18 18 18 18 18 18 18 18 18 18 19 19 19 19 19 19 19 19 19 19 10 10 10 10 10 10 10 10 10 10 16 16 16 16 16 16 16 16 16 16 7 7 7 7 7 7 7 7 7 7 ]
Pmin = [ 50 50 50 50 50 50 50 50 50 50 100 100 100 100 100 100 100 100 100 100 100 100 100 100 100 100 100 100 100 100 45 45 45 45 45 45 45 45 45 45 84 84 84 84 84 84 84 84 84 84 33 33 33 33 33 33 33 33 33 33 ]
Pmax = [ 172 172 172 172 172 172 172 172 172 172 402 402 402 402 402 402 402 402 402 402 407 407 407 407 407 407 407 407 407 407 181 181 181 181 181 181 181 181 181 181 321 321 321 321 321 321 321 321 321 321 110 110 110 110 110 110 110 110 110 110 ]
cf = [ 36.2871 36.2871 36.2871 36.2871 36.2871 36.2871 36.2871 36.2871 36.2871 36.2871 27.5856 27.5856 27.5856 27.5856 27.5856 27.5856 27.5856 27.5856 27.5856 27.5856 52.0344 52.0344 52.0344 52.0344 52.0344 52.0344 52.0344 52.0344 52.0344 52.0344 41.3483 41.3483 41.3483 41.3483 41.3483 41.3483 41.3483 41.3483 41.3483 41.3483 50.6785 50.6785 50.6785 50.6785 50.6785 50.6785 50.6785 50.6785 50.6785 50.6785 24.6666 24.6666 24.6666 24.6666 24.6666 24.6666 24.6666 24.6666 24.6666 24.6666 ]
c0 = [ 132 132 132 132 132 132 132 132 132 132 250 250 250 250 250 250 250 250 250 250 250 250 250 250 250 250 250 250 250 250 128 128 128 128 128 128 128 128 128 128 227 227 227 227 227 227 227 227 227 227 100 100 100 100 100 100 100 100 100 100 ]
cp = [ 24.562 24.562 24.562 24.562 24.562 24.562 24.562 24.562 24.562 24.562 17.4043 17.4043 17.4043 17.4043 17.4043 17.4043 17.4043 17.4043 17.4043 17.4043 11.4001 11.4001 11.4001 11.4001 11.4001 11.4001 11.4001 11.4001 11.4001 11.4001 23.1522 23.1522 23.1522 23.1522 23.1522 23.1522 23.1522 23.1522 23.1522 23.1522 9.39909 9.39909 9.39909 9.39909 9.39909 9.39909 9.39909 9.39909 9.39909 9.39909 33.6113 33.6113 33.6113 33.6113 33.6113 33.6113 33.6113 33.6113 33.6113 33.6113 ]
D = [ 3994 4343 4670 5255 5459 5485 6472 6818 6675 7346 7541 8370 8464 8559 9081 9731 10030 10641 10736 11086 11634 11858 12565 12781 13339 12465 11810 11619 10841 10444 9783 9796 9365 8650 8228 8743 9435 10106 10586 11389 11712 11083 10136 9248 8332 7525 6267 5268 ]
K = 6
nk = [ 1 1 1 1 1 1 1 1 1 1 2 2 2 2 2 2 2 2 2 2 3 3 3 3 3 3 3 3 3 3 4 4 4 4 4 4 4 4 4 4 5 5 5 5 5 5 5 5 5 5 6 6 6 6 6 6 6 6 6 6 ]
First = [ 1 0 0 0 0 0 0 0 0 0 1 0 0 0 0 0 0 0 0 0 1 0 0 0 0 0 0 0 0 0 1 0 0 0 0 0 0 0 0 0 1 0 0 0 0 0 0 0 0 0 1 0 0 0 0 0 0 0 0 0 ]
Last = [ 0 0 0 0 0 0 0 0 0 1 0 0 0 0 0 0 0 0 0 1 0 0 0 0 0 0 0 0 0 1 0 0 0 0 0 0 0 0 0 1 0 0 0 0 0 0 0 0 0 1 0 0 0 0 0 0 0 0 0 1 ]
nS = 1
S = [ 0 1 2 3 4 5 6 7 8 9 10 11 12 13 14 15 16 17 18 19 20 21 22 23 24 25 26 27 28 29 30 31 32 33 34 35 36 37 38 39 40 41 42 43 44 45 46 47 48 49 50 51 52 53 54 55 56 57 58 59 ]
