n = 60 ; 
T = 48 ; 
Init = [ 1 1 1 1 1 1 1 1 1 1 1 1 1 1 1 1 1 1 1 1 1 1 1 1 1 1 1 1 1 1 1 1 1 1 1 1 1 1 1 1 1 1 1 1 1 1 1 1 1 1 1 1 1 1 1 1 1 1 1 1 ]
L = [ 14 14 14 14 14 14 14 14 14 14 14 14 14 14 14 11 11 11 11 11 11 11 11 11 11 11 11 11 11 11 19 19 19 19 19 19 19 19 19 19 19 19 19 19 19 11 11 11 11 11 11 11 11 11 11 11 11 11 11 11 ]
l = [ 14 14 14 14 14 14 14 14 14 14 14 14 14 14 14 11 11 11 11 11 11 11 11 11 11 11 11 11 11 11 19 19 19 19 19 19 19 19 19 19 19 19 19 19 19 11 11 11 11 11 11 11 11 11 11 11 11 11 11 11 ]
Pmin = [ 82 82 82 82 82 82 82 82 82 82 82 82 82 82 82 62 62 62 62 62 62 62 62 62 62 62 62 62 62 62 100 100 100 100 100 100 100 100 100 100 100 100 100 100 100 54 54 54 54 54 54 54 54 54 54 54 54 54 54 54 ]
Pmax = [ 315 315 315 315 315 315 315 315 315 315 315 315 315 315 315 217 217 217 217 217 217 217 217 217 217 217 217 217 217 217 398 398 398 398 398 398 398 398 398 398 398 398 398 398 398 218 218 218 218 218 218 218 218 218 218 218 218 218 218 218 ]
cf = [ 29.1511 29.1511 29.1511 29.1511 29.1511 29.1511 29.1511 29.1511 29.1511 29.1511 29.1511 29.1511 29.1511 29.1511 29.1511 44.0771 44.0771 44.0771 44.0771 44.0771 44.0771 44.0771 44.0771 44.0771 44.0771 44.0771 44.0771 44.0771 44.0771 44.0771 11.9924 11.9924 11.9924 11.9924 11.9924 11.9924 11.9924 11.9924 11.9924 11.9924 11.9924 11.9924 11.9924 11.9924 11.9924 40.6682 40.6682 40.6682 40.6682 40.6682 40.6682 40.6682 40.6682 40.6682 40.6682 40.6682 40.6682 40.6682 40.6682 40.6682 ]
c0 = [ 220 220 220 220 220 220 220 220 220 220 220 220 220 220 220 160 160 160 160 160 160 160 160 160 160 160 160 160 160 160 250 250 250 250 250 250 250 250 250 250 250 250 250 250 250 148 148 148 148 148 148 148 148 148 148 148 148 148 148 148 ]
cp = [ 21.8784 21.8784 21.8784 21.8784 21.8784 21.8784 21.8784 21.8784 21.8784 21.8784 21.8784 21.8784 21.8784 21.8784 21.8784 21.2438 21.2438 21.2438 21.2438 21.2438 21.2438 21.2438 21.2438 21.2438 21.2438 21.2438 21.2438 21.2438 21.2438 21.2438 9.46121 9.46121 9.46121 9.46121 9.46121 9.46121 9.46121 9.46121 9.46121 9.46121 9.46121 9.46121 9.46121 9.46121 9.46121 31.6165 31.6165 31.6165 31.6165 31.6165 31.6165 31.6165 31.6165 31.6165 31.6165 31.6165 31.6165 31.6165 31.6165 31.6165 ]
D = [ 4546 4496 4942 5677 6010 6171 6800 7250 7378 8355 8412 9048 9226 9923 10550 10479 11320 11519 12184 12176 12534 13505 13305 13941 14333 13828 13507 12757 12277 11280 10520 10375 9595 8859 8338 9466 9780 10774 11242 11950 12811 11817 10263 9782 8374 7025 6052 5062 ]
K = 4
nk = [ 1 1 1 1 1 1 1 1 1 1 1 1 1 1 1 2 2 2 2 2 2 2 2 2 2 2 2 2 2 2 3 3 3 3 3 3 3 3 3 3 3 3 3 3 3 4 4 4 4 4 4 4 4 4 4 4 4 4 4 4 ]
First = [ 1 0 0 0 0 0 0 0 0 0 0 0 0 0 0 1 0 0 0 0 0 0 0 0 0 0 0 0 0 0 1 0 0 0 0 0 0 0 0 0 0 0 0 0 0 1 0 0 0 0 0 0 0 0 0 0 0 0 0 0 ]
Last = [ 0 0 0 0 0 0 0 0 0 0 0 0 0 0 1 0 0 0 0 0 0 0 0 0 0 0 0 0 0 1 0 0 0 0 0 0 0 0 0 0 0 0 0 0 1 0 0 0 0 0 0 0 0 0 0 0 0 0 0 1 ]
nS = 1
S = [ 0 1 2 3 4 5 6 7 8 9 10 11 12 13 14 15 16 17 18 19 20 21 22 23 24 25 26 27 28 29 30 31 32 33 34 35 36 37 38 39 40 41 42 43 44 45 46 47 48 49 50 51 52 53 54 55 56 57 58 59 ]
