n = 60 ; 
T = 48 ; 
Init = [ 0 0 0 0 0 0 0 0 0 0 1 1 1 1 1 1 1 1 1 1 0 0 0 0 0 0 0 0 0 0 0 0 0 0 0 0 0 0 0 0 0 0 0 0 0 0 0 0 0 0 1 1 1 1 1 1 1 1 1 1 ]
L = [ 7 7 7 7 7 7 7 7 7 7 17 17 17 17 17 17 17 17 17 17 8 8 8 8 8 8 8 8 8 8 19 19 19 19 19 19 19 19 19 19 12 12 12 12 12 12 12 12 12 12 14 14 14 14 14 14 14 14 14 14 ]
l = [ 7 7 7 7 7 7 7 7 7 7 17 17 17 17 17 17 17 17 17 17 8 8 8 8 8 8 8 8 8 8 19 19 19 19 19 19 19 19 19 19 12 12 12 12 12 12 12 12 12 12 14 14 14 14 14 14 14 14 14 14 ]
Pmin = [ 36 36 36 36 36 36 36 36 36 36 95 95 95 95 95 95 95 95 95 95 46 46 46 46 46 46 46 46 46 46 100 100 100 100 100 100 100 100 100 100 67 67 67 67 67 67 67 67 67 67 76 76 76 76 76 76 76 76 76 76 ]
Pmax = [ 139 139 139 139 139 139 139 139 139 139 362 362 362 362 362 362 362 362 362 362 168 168 168 168 168 168 168 168 168 168 420 420 420 420 420 420 420 420 420 420 258 258 258 258 258 258 258 258 258 258 289 289 289 289 289 289 289 289 289 289 ]
cf = [ 44.9246 44.9246 44.9246 44.9246 44.9246 44.9246 44.9246 44.9246 44.9246 44.9246 27.8307 27.8307 27.8307 27.8307 27.8307 27.8307 27.8307 27.8307 27.8307 27.8307 23.1754 23.1754 23.1754 23.1754 23.1754 23.1754 23.1754 23.1754 23.1754 23.1754 20.3109 20.3109 20.3109 20.3109 20.3109 20.3109 20.3109 20.3109 20.3109 20.3109 11.9269 11.9269 11.9269 11.9269 11.9269 11.9269 11.9269 11.9269 11.9269 11.9269 13.6502 13.6502 13.6502 13.6502 13.6502 13.6502 13.6502 13.6502 13.6502 13.6502 ]
c0 = [ 99 99 99 99 99 99 99 99 99 99 250 250 250 250 250 250 250 250 250 250 142 142 142 142 142 142 142 142 142 142 250 250 250 250 250 250 250 250 250 250 183 183 183 183 183 183 183 183 183 183 195 195 195 195 195 195 195 195 195 195 ]
cp = [ 29.9006 29.9006 29.9006 29.9006 29.9006 29.9006 29.9006 29.9006 29.9006 29.9006 19.2533 19.2533 19.2533 19.2533 19.2533 19.2533 19.2533 19.2533 19.2533 19.2533 25.2056 25.2056 25.2056 25.2056 25.2056 25.2056 25.2056 25.2056 25.2056 25.2056 9.17057 9.17057 9.17057 9.17057 9.17057 9.17057 9.17057 9.17057 9.17057 9.17057 23.2383 23.2383 23.2383 23.2383 23.2383 23.2383 23.2383 23.2383 23.2383 23.2383 19.4819 19.4819 19.4819 19.4819 19.4819 19.4819 19.4819 19.4819 19.4819 19.4819 ]
D = [ 3830 3893 4457 4724 5082 5724 6061 6315 7127 7554 7775 8315 8740 9068 9324 10027 10475 10633 11271 11112 11536 12271 12685 13153 13257 12838 12645 11904 11024 10516 9892 9918 9066 8600 7832 8788 9105 10125 10929 11652 12038 11028 10256 9034 7945 7023 6098 5051 ]
K = 6
nk = [ 1 1 1 1 1 1 1 1 1 1 2 2 2 2 2 2 2 2 2 2 3 3 3 3 3 3 3 3 3 3 4 4 4 4 4 4 4 4 4 4 5 5 5 5 5 5 5 5 5 5 6 6 6 6 6 6 6 6 6 6 ]
First = [ 1 0 0 0 0 0 0 0 0 0 1 0 0 0 0 0 0 0 0 0 1 0 0 0 0 0 0 0 0 0 1 0 0 0 0 0 0 0 0 0 1 0 0 0 0 0 0 0 0 0 1 0 0 0 0 0 0 0 0 0 ]
Last = [ 0 0 0 0 0 0 0 0 0 1 0 0 0 0 0 0 0 0 0 1 0 0 0 0 0 0 0 0 0 1 0 0 0 0 0 0 0 0 0 1 0 0 0 0 0 0 0 0 0 1 0 0 0 0 0 0 0 0 0 1 ]
nS = 1
S = [ 0 1 2 3 4 5 6 7 8 9 10 11 12 13 14 15 16 17 18 19 20 21 22 23 24 25 26 27 28 29 30 31 32 33 34 35 36 37 38 39 40 41 42 43 44 45 46 47 48 49 50 51 52 53 54 55 56 57 58 59 ]
