n = 60 ; 
T = 48 ; 
Init = [ 0 0 0 0 0 0 0 0 0 0 0 0 0 0 0 1 1 1 1 1 1 1 1 1 1 1 1 1 1 1 1 1 1 1 1 1 1 1 1 1 1 1 1 1 1 0 0 0 0 0 0 0 0 0 0 0 0 0 0 0 ]
L = [ 9 9 9 9 9 9 9 9 9 9 9 9 9 9 9 13 13 13 13 13 13 13 13 13 13 13 13 13 13 13 11 11 11 11 11 11 11 11 11 11 11 11 11 11 11 14 14 14 14 14 14 14 14 14 14 14 14 14 14 14 ]
l = [ 9 9 9 9 9 9 9 9 9 9 9 9 9 9 9 13 13 13 13 13 13 13 13 13 13 13 13 13 13 13 11 11 11 11 11 11 11 11 11 11 11 11 11 11 11 14 14 14 14 14 14 14 14 14 14 14 14 14 14 14 ]
Pmin = [ 53 53 53 53 53 53 53 53 53 53 53 53 53 53 53 67 67 67 67 67 67 67 67 67 67 67 67 67 67 67 55 55 55 55 55 55 55 55 55 55 55 55 55 55 55 73 73 73 73 73 73 73 73 73 73 73 73 73 73 73 ]
Pmax = [ 178 178 178 178 178 178 178 178 178 178 178 178 178 178 178 252 252 252 252 252 252 252 252 252 252 252 252 252 252 252 209 209 209 209 209 209 209 209 209 209 209 209 209 209 209 270 270 270 270 270 270 270 270 270 270 270 270 270 270 270 ]
cf = [ 8.34695 8.34695 8.34695 8.34695 8.34695 8.34695 8.34695 8.34695 8.34695 8.34695 8.34695 8.34695 8.34695 8.34695 8.34695 30.1567 30.1567 30.1567 30.1567 30.1567 30.1567 30.1567 30.1567 30.1567 30.1567 30.1567 30.1567 30.1567 30.1567 30.1567 15.041 15.041 15.041 15.041 15.041 15.041 15.041 15.041 15.041 15.041 15.041 15.041 15.041 15.041 15.041 49.6644 49.6644 49.6644 49.6644 49.6644 49.6644 49.6644 49.6644 49.6644 49.6644 49.6644 49.6644 49.6644 49.6644 49.6644 ]
c0 = [ 156 156 156 156 156 156 156 156 156 156 156 156 156 156 156 185 185 185 185 185 185 185 185 185 185 185 185 185 185 185 143 143 143 143 143 143 143 143 143 143 143 143 143 143 143 190 190 190 190 190 190 190 190 190 190 190 190 190 190 190 ]
cp = [ 20.0197 20.0197 20.0197 20.0197 20.0197 20.0197 20.0197 20.0197 20.0197 20.0197 20.0197 20.0197 20.0197 20.0197 20.0197 26.6253 26.6253 26.6253 26.6253 26.6253 26.6253 26.6253 26.6253 26.6253 26.6253 26.6253 26.6253 26.6253 26.6253 26.6253 30.7308 30.7308 30.7308 30.7308 30.7308 30.7308 30.7308 30.7308 30.7308 30.7308 30.7308 30.7308 30.7308 30.7308 30.7308 23.4636 23.4636 23.4636 23.4636 23.4636 23.4636 23.4636 23.4636 23.4636 23.4636 23.4636 23.4636 23.4636 23.4636 23.4636 ]
D = [ 3867 3968 4462 4684 5191 5128 5514 6210 6458 6750 6822 7154 7328 7944 8023 8471 8838 9181 9594 9882 10098 10584 10479 10854 11258 10939 10692 10127 9413 8948 8482 8355 7679 7393 6630 7180 8097 8439 8827 9679 9999 9301 8781 7571 7176 5877 5347 4461 ]
K = 4
nk = [ 1 1 1 1 1 1 1 1 1 1 1 1 1 1 1 2 2 2 2 2 2 2 2 2 2 2 2 2 2 2 3 3 3 3 3 3 3 3 3 3 3 3 3 3 3 4 4 4 4 4 4 4 4 4 4 4 4 4 4 4 ]
First = [ 1 0 0 0 0 0 0 0 0 0 0 0 0 0 0 1 0 0 0 0 0 0 0 0 0 0 0 0 0 0 1 0 0 0 0 0 0 0 0 0 0 0 0 0 0 1 0 0 0 0 0 0 0 0 0 0 0 0 0 0 ]
Last = [ 0 0 0 0 0 0 0 0 0 0 0 0 0 0 1 0 0 0 0 0 0 0 0 0 0 0 0 0 0 1 0 0 0 0 0 0 0 0 0 0 0 0 0 0 1 0 0 0 0 0 0 0 0 0 0 0 0 0 0 1 ]
nS = 1
S = [ 0 1 2 3 4 5 6 7 8 9 10 11 12 13 14 15 16 17 18 19 20 21 22 23 24 25 26 27 28 29 30 31 32 33 34 35 36 37 38 39 40 41 42 43 44 45 46 47 48 49 50 51 52 53 54 55 56 57 58 59 ]
