n = 60 ; 
T = 48 ; 
Init = [ 1 1 1 1 1 1 1 1 1 1 1 1 1 1 1 1 1 1 1 1 0 0 0 0 0 0 0 0 0 0 0 0 0 0 0 0 0 0 0 0 0 0 0 0 0 0 0 0 0 0 1 1 1 1 1 1 1 1 1 1 ]
L = [ 17 17 17 17 17 17 17 17 17 17 15 15 15 15 15 15 15 15 15 15 17 17 17 17 17 17 17 17 17 17 5 5 5 5 5 5 5 5 5 5 12 12 12 12 12 12 12 12 12 12 12 12 12 12 12 12 12 12 12 12 ]
l = [ 17 17 17 17 17 17 17 17 17 17 15 15 15 15 15 15 15 15 15 15 17 17 17 17 17 17 17 17 17 17 5 5 5 5 5 5 5 5 5 5 12 12 12 12 12 12 12 12 12 12 12 12 12 12 12 12 12 12 12 12 ]
Pmin = [ 90 90 90 90 90 90 90 90 90 90 80 80 80 80 80 80 80 80 80 80 89 89 89 89 89 89 89 89 89 89 21 21 21 21 21 21 21 21 21 21 56 56 56 56 56 56 56 56 56 56 63 63 63 63 63 63 63 63 63 63 ]
Pmax = [ 360 360 360 360 360 360 360 360 360 360 309 309 309 309 309 309 309 309 309 309 365 365 365 365 365 365 365 365 365 365 61 61 61 61 61 61 61 61 61 61 222 222 222 222 222 222 222 222 222 222 242 242 242 242 242 242 242 242 242 242 ]
cf = [ 24.7439 24.7439 24.7439 24.7439 24.7439 24.7439 24.7439 24.7439 24.7439 24.7439 42.294 42.294 42.294 42.294 42.294 42.294 42.294 42.294 42.294 42.294 9.51475 9.51475 9.51475 9.51475 9.51475 9.51475 9.51475 9.51475 9.51475 9.51475 11.4237 11.4237 11.4237 11.4237 11.4237 11.4237 11.4237 11.4237 11.4237 11.4237 34.6986 34.6986 34.6986 34.6986 34.6986 34.6986 34.6986 34.6986 34.6986 34.6986 17.713 17.713 17.713 17.713 17.713 17.713 17.713 17.713 17.713 17.713 ]
c0 = [ 234 234 234 234 234 234 234 234 234 234 211 211 211 211 211 211 211 211 211 211 230 230 230 230 230 230 230 230 230 230 80 80 80 80 80 80 80 80 80 80 151 151 151 151 151 151 151 151 151 151 181 181 181 181 181 181 181 181 181 181 ]
cp = [ 11.8078 11.8078 11.8078 11.8078 11.8078 11.8078 11.8078 11.8078 11.8078 11.8078 25.3638 25.3638 25.3638 25.3638 25.3638 25.3638 25.3638 25.3638 25.3638 25.3638 14.8355 14.8355 14.8355 14.8355 14.8355 14.8355 14.8355 14.8355 14.8355 14.8355 41.7795 41.7795 41.7795 41.7795 41.7795 41.7795 41.7795 41.7795 41.7795 41.7795 21.7003 21.7003 21.7003 21.7003 21.7003 21.7003 21.7003 21.7003 21.7003 21.7003 22.6046 22.6046 22.6046 22.6046 22.6046 22.6046 22.6046 22.6046 22.6046 22.6046 ]
D = [ 3402 3957 4177 4639 5369 5641 5916 6122 6928 7495 7776 8313 8568 9088 9487 9964 10073 10449 10780 11444 11817 12578 12540 13205 13430 12882 12594 12082 11023 10707 10308 9630 8819 8214 8195 8379 9558 10079 10667 11603 12265 11588 10270 9642 8436 7091 6513 5615 ]
K = 6
nk = [ 1 1 1 1 1 1 1 1 1 1 2 2 2 2 2 2 2 2 2 2 3 3 3 3 3 3 3 3 3 3 4 4 4 4 4 4 4 4 4 4 5 5 5 5 5 5 5 5 5 5 6 6 6 6 6 6 6 6 6 6 ]
First = [ 1 0 0 0 0 0 0 0 0 0 1 0 0 0 0 0 0 0 0 0 1 0 0 0 0 0 0 0 0 0 1 0 0 0 0 0 0 0 0 0 1 0 0 0 0 0 0 0 0 0 1 0 0 0 0 0 0 0 0 0 ]
Last = [ 0 0 0 0 0 0 0 0 0 1 0 0 0 0 0 0 0 0 0 1 0 0 0 0 0 0 0 0 0 1 0 0 0 0 0 0 0 0 0 1 0 0 0 0 0 0 0 0 0 1 0 0 0 0 0 0 0 0 0 1 ]
nS = 1
S = [ 0 1 2 3 4 5 6 7 8 9 10 11 12 13 14 15 16 17 18 19 20 21 22 23 24 25 26 27 28 29 30 31 32 33 34 35 36 37 38 39 40 41 42 43 44 45 46 47 48 49 50 51 52 53 54 55 56 57 58 59 ]
