n = 60 ; 
T = 48 ; 
Init = [ 1 1 1 1 1 1 1 1 1 1 1 1 1 1 1 1 1 1 1 1 1 1 1 1 0 0 0 0 0 0 0 0 0 0 0 0 0 0 0 0 0 0 0 0 0 0 0 0 1 1 1 1 1 1 1 1 1 1 1 1 ]
L = [ 11 11 11 11 11 11 11 11 11 11 11 11 13 13 13 13 13 13 13 13 13 13 13 13 5 5 5 5 5 5 5 5 5 5 5 5 11 11 11 11 11 11 11 11 11 11 11 11 17 17 17 17 17 17 17 17 17 17 17 17 ]
l = [ 11 11 11 11 11 11 11 11 11 11 11 11 13 13 13 13 13 13 13 13 13 13 13 13 5 5 5 5 5 5 5 5 5 5 5 5 11 11 11 11 11 11 11 11 11 11 11 11 17 17 17 17 17 17 17 17 17 17 17 17 ]
Pmin = [ 60 60 60 60 60 60 60 60 60 60 60 60 67 67 67 67 67 67 67 67 67 67 67 67 31 31 31 31 31 31 31 31 31 31 31 31 58 58 58 58 58 58 58 58 58 58 58 58 96 96 96 96 96 96 96 96 96 96 96 96 ]
Pmax = [ 212 212 212 212 212 212 212 212 212 212 212 212 253 253 253 253 253 253 253 253 253 253 253 253 85 85 85 85 85 85 85 85 85 85 85 85 221 221 221 221 221 221 221 221 221 221 221 221 362 362 362 362 362 362 362 362 362 362 362 362 ]
cf = [ 40.9409 40.9409 40.9409 40.9409 40.9409 40.9409 40.9409 40.9409 40.9409 40.9409 40.9409 40.9409 30.9105 30.9105 30.9105 30.9105 30.9105 30.9105 30.9105 30.9105 30.9105 30.9105 30.9105 30.9105 9.68317 9.68317 9.68317 9.68317 9.68317 9.68317 9.68317 9.68317 9.68317 9.68317 9.68317 9.68317 38.6699 38.6699 38.6699 38.6699 38.6699 38.6699 38.6699 38.6699 38.6699 38.6699 38.6699 38.6699 28.6596 28.6596 28.6596 28.6596 28.6596 28.6596 28.6596 28.6596 28.6596 28.6596 28.6596 28.6596 ]
c0 = [ 165 165 165 165 165 165 165 165 165 165 165 165 189 189 189 189 189 189 189 189 189 189 189 189 85 85 85 85 85 85 85 85 85 85 85 85 162 162 162 162 162 162 162 162 162 162 162 162 250 250 250 250 250 250 250 250 250 250 250 250 ]
cp = [ 24.8558 24.8558 24.8558 24.8558 24.8558 24.8558 24.8558 24.8558 24.8558 24.8558 24.8558 24.8558 18.2621 18.2621 18.2621 18.2621 18.2621 18.2621 18.2621 18.2621 18.2621 18.2621 18.2621 18.2621 39.1132 39.1132 39.1132 39.1132 39.1132 39.1132 39.1132 39.1132 39.1132 39.1132 39.1132 39.1132 32.3201 32.3201 32.3201 32.3201 32.3201 32.3201 32.3201 32.3201 32.3201 32.3201 32.3201 32.3201 14.4531 14.4531 14.4531 14.4531 14.4531 14.4531 14.4531 14.4531 14.4531 14.4531 14.4531 14.4531 ]
D = [ 3460 4296 4305 4837 4921 5467 5469 5964 6093 6335 6751 7200 7277 7997 8078 8267 8842 9033 9171 9396 9989 10231 10507 10738 11195 10525 10033 9589 9542 8824 8760 8234 7501 7137 6835 7517 7944 8976 9301 10092 10513 9932 8762 7938 7225 6372 5428 4438 ]
K = 5
nk = [ 1 1 1 1 1 1 1 1 1 1 1 1 2 2 2 2 2 2 2 2 2 2 2 2 3 3 3 3 3 3 3 3 3 3 3 3 4 4 4 4 4 4 4 4 4 4 4 4 5 5 5 5 5 5 5 5 5 5 5 5 ]
First = [ 1 0 0 0 0 0 0 0 0 0 0 0 1 0 0 0 0 0 0 0 0 0 0 0 1 0 0 0 0 0 0 0 0 0 0 0 1 0 0 0 0 0 0 0 0 0 0 0 1 0 0 0 0 0 0 0 0 0 0 0 ]
Last = [ 0 0 0 0 0 0 0 0 0 0 0 1 0 0 0 0 0 0 0 0 0 0 0 1 0 0 0 0 0 0 0 0 0 0 0 1 0 0 0 0 0 0 0 0 0 0 0 1 0 0 0 0 0 0 0 0 0 0 0 1 ]
nS = 1
S = [ 0 1 2 3 4 5 6 7 8 9 10 11 12 13 14 15 16 17 18 19 20 21 22 23 24 25 26 27 28 29 30 31 32 33 34 35 36 37 38 39 40 41 42 43 44 45 46 47 48 49 50 51 52 53 54 55 56 57 58 59 ]
