n = 60 ; 
T = 48 ; 
Init = [ 1 1 1 1 1 1 1 1 1 1 1 1 1 1 1 1 1 1 1 1 1 1 1 1 1 1 1 1 1 1 1 1 1 1 1 1 1 1 1 1 1 1 1 1 1 1 1 1 1 1 1 1 1 1 1 1 1 1 1 1 ]
L = [ 20 20 20 20 20 20 20 20 20 20 20 20 20 20 20 20 20 20 20 20 17 17 17 17 17 17 17 17 17 17 17 17 17 17 17 17 17 17 17 17 12 12 12 12 12 12 12 12 12 12 12 12 12 12 12 12 12 12 12 12 ]
l = [ 20 20 20 20 20 20 20 20 20 20 20 20 20 20 20 20 20 20 20 20 17 17 17 17 17 17 17 17 17 17 17 17 17 17 17 17 17 17 17 17 12 12 12 12 12 12 12 12 12 12 12 12 12 12 12 12 12 12 12 12 ]
Pmin = [ 100 100 100 100 100 100 100 100 100 100 100 100 100 100 100 100 100 100 100 100 89 89 89 89 89 89 89 89 89 89 89 89 89 89 89 89 89 89 89 89 61 61 61 61 61 61 61 61 61 61 61 61 61 61 61 61 61 61 61 61 ]
Pmax = [ 416 416 416 416 416 416 416 416 416 416 416 416 416 416 416 416 416 416 416 416 364 364 364 364 364 364 364 364 364 364 364 364 364 364 364 364 364 364 364 364 250 250 250 250 250 250 250 250 250 250 250 250 250 250 250 250 250 250 250 250 ]
cf = [ 48.4744 48.4744 48.4744 48.4744 48.4744 48.4744 48.4744 48.4744 48.4744 48.4744 48.4744 48.4744 48.4744 48.4744 48.4744 48.4744 48.4744 48.4744 48.4744 48.4744 7.03012 7.03012 7.03012 7.03012 7.03012 7.03012 7.03012 7.03012 7.03012 7.03012 7.03012 7.03012 7.03012 7.03012 7.03012 7.03012 7.03012 7.03012 7.03012 7.03012 33.4703 33.4703 33.4703 33.4703 33.4703 33.4703 33.4703 33.4703 33.4703 33.4703 33.4703 33.4703 33.4703 33.4703 33.4703 33.4703 33.4703 33.4703 33.4703 33.4703 ]
c0 = [ 250 250 250 250 250 250 250 250 250 250 250 250 250 250 250 250 250 250 250 250 239 239 239 239 239 239 239 239 239 239 239 239 239 239 239 239 239 239 239 239 169 169 169 169 169 169 169 169 169 169 169 169 169 169 169 169 169 169 169 169 ]
cp = [ 9.49663 9.49663 9.49663 9.49663 9.49663 9.49663 9.49663 9.49663 9.49663 9.49663 9.49663 9.49663 9.49663 9.49663 9.49663 9.49663 9.49663 9.49663 9.49663 9.49663 13.3599 13.3599 13.3599 13.3599 13.3599 13.3599 13.3599 13.3599 13.3599 13.3599 13.3599 13.3599 13.3599 13.3599 13.3599 13.3599 13.3599 13.3599 13.3599 13.3599 20.761 20.761 20.761 20.761 20.761 20.761 20.761 20.761 20.761 20.761 20.761 20.761 20.761 20.761 20.761 20.761 20.761 20.761 20.761 20.761 ]
D = [ 4609 5348 6095 6230 6966 7466 7353 8646 9036 9075 9840 10632 10657 11501 11748 12032 12873 13450 13807 13841 14567 15375 15903 16493 16432 16357 15049 14445 13736 13071 12500 11906 11483 10338 10205 10708 11078 12671 13145 14232 14543 13222 12541 11141 10166 8411 7622 6166 ]
K = 3
nk = [ 1 1 1 1 1 1 1 1 1 1 1 1 1 1 1 1 1 1 1 1 2 2 2 2 2 2 2 2 2 2 2 2 2 2 2 2 2 2 2 2 3 3 3 3 3 3 3 3 3 3 3 3 3 3 3 3 3 3 3 3 ]
First = [ 1 0 0 0 0 0 0 0 0 0 0 0 0 0 0 0 0 0 0 0 1 0 0 0 0 0 0 0 0 0 0 0 0 0 0 0 0 0 0 0 1 0 0 0 0 0 0 0 0 0 0 0 0 0 0 0 0 0 0 0 ]
Last = [ 0 0 0 0 0 0 0 0 0 0 0 0 0 0 0 0 0 0 0 1 0 0 0 0 0 0 0 0 0 0 0 0 0 0 0 0 0 0 0 1 0 0 0 0 0 0 0 0 0 0 0 0 0 0 0 0 0 0 0 1 ]
nS = 1
S = [ 0 1 2 3 4 5 6 7 8 9 10 11 12 13 14 15 16 17 18 19 20 21 22 23 24 25 26 27 28 29 30 31 32 33 34 35 36 37 38 39 40 41 42 43 44 45 46 47 48 49 50 51 52 53 54 55 56 57 58 59 ]
