n = 60 ; 
T = 48 ; 
Init = [ 0 0 0 0 0 0 0 0 0 0 0 0 0 0 0 0 0 0 0 0 0 0 0 0 0 0 0 0 0 0 0 0 0 0 0 0 0 0 0 0 0 0 0 0 0 0 0 0 0 0 0 0 0 0 0 0 0 0 0 0 ]
L = [ 6 6 6 6 6 6 6 6 6 6 6 6 6 6 6 13 13 13 13 13 13 13 13 13 13 13 13 13 13 13 17 17 17 17 17 17 17 17 17 17 17 17 17 17 17 6 6 6 6 6 6 6 6 6 6 6 6 6 6 6 ]
l = [ 6 6 6 6 6 6 6 6 6 6 6 6 6 6 6 13 13 13 13 13 13 13 13 13 13 13 13 13 13 13 17 17 17 17 17 17 17 17 17 17 17 17 17 17 17 6 6 6 6 6 6 6 6 6 6 6 6 6 6 6 ]
Pmin = [ 30 30 30 30 30 30 30 30 30 30 30 30 30 30 30 67 67 67 67 67 67 67 67 67 67 67 67 67 67 67 96 96 96 96 96 96 96 96 96 96 96 96 96 96 96 32 32 32 32 32 32 32 32 32 32 32 32 32 32 32 ]
Pmax = [ 83 83 83 83 83 83 83 83 83 83 83 83 83 83 83 260 260 260 260 260 260 260 260 260 260 260 260 260 260 260 367 367 367 367 367 367 367 367 367 367 367 367 367 367 367 99 99 99 99 99 99 99 99 99 99 99 99 99 99 99 ]
cf = [ 37.6845 37.6845 37.6845 37.6845 37.6845 37.6845 37.6845 37.6845 37.6845 37.6845 37.6845 37.6845 37.6845 37.6845 37.6845 62.6757 62.6757 62.6757 62.6757 62.6757 62.6757 62.6757 62.6757 62.6757 62.6757 62.6757 62.6757 62.6757 62.6757 62.6757 9.53304 9.53304 9.53304 9.53304 9.53304 9.53304 9.53304 9.53304 9.53304 9.53304 9.53304 9.53304 9.53304 9.53304 9.53304 52.4771 52.4771 52.4771 52.4771 52.4771 52.4771 52.4771 52.4771 52.4771 52.4771 52.4771 52.4771 52.4771 52.4771 52.4771 ]
c0 = [ 90 90 90 90 90 90 90 90 90 90 90 90 90 90 90 185 185 185 185 185 185 185 185 185 185 185 185 185 185 185 249 249 249 249 249 249 249 249 249 249 249 249 249 249 249 109 109 109 109 109 109 109 109 109 109 109 109 109 109 109 ]
cp = [ 30.3143 30.3143 30.3143 30.3143 30.3143 30.3143 30.3143 30.3143 30.3143 30.3143 30.3143 30.3143 30.3143 30.3143 30.3143 27.0537 27.0537 27.0537 27.0537 27.0537 27.0537 27.0537 27.0537 27.0537 27.0537 27.0537 27.0537 27.0537 27.0537 27.0537 19.0639 19.0639 19.0639 19.0639 19.0639 19.0639 19.0639 19.0639 19.0639 19.0639 19.0639 19.0639 19.0639 19.0639 19.0639 39.9285 39.9285 39.9285 39.9285 39.9285 39.9285 39.9285 39.9285 39.9285 39.9285 39.9285 39.9285 39.9285 39.9285 39.9285 ]
D = [ 2269 2885 3140 3274 3936 3903 4319 4481 5086 5424 5488 5816 6034 6268 6823 6947 7533 7927 8175 8574 8566 9132 9414 9417 10104 9341 9024 8885 8403 8003 7513 7324 6746 6690 6327 6929 7357 7442 7898 8623 9224 8200 7224 6499 5887 5157 4249 3429 ]
K = 4
nk = [ 1 1 1 1 1 1 1 1 1 1 1 1 1 1 1 2 2 2 2 2 2 2 2 2 2 2 2 2 2 2 3 3 3 3 3 3 3 3 3 3 3 3 3 3 3 4 4 4 4 4 4 4 4 4 4 4 4 4 4 4 ]
First = [ 1 0 0 0 0 0 0 0 0 0 0 0 0 0 0 1 0 0 0 0 0 0 0 0 0 0 0 0 0 0 1 0 0 0 0 0 0 0 0 0 0 0 0 0 0 1 0 0 0 0 0 0 0 0 0 0 0 0 0 0 ]
Last = [ 0 0 0 0 0 0 0 0 0 0 0 0 0 0 1 0 0 0 0 0 0 0 0 0 0 0 0 0 0 1 0 0 0 0 0 0 0 0 0 0 0 0 0 0 1 0 0 0 0 0 0 0 0 0 0 0 0 0 0 1 ]
nS = 1
S = [ 0 1 2 3 4 5 6 7 8 9 10 11 12 13 14 15 16 17 18 19 20 21 22 23 24 25 26 27 28 29 30 31 32 33 34 35 36 37 38 39 40 41 42 43 44 45 46 47 48 49 50 51 52 53 54 55 56 57 58 59 ]
