n = 60 ; 
T = 48 ; 
Init = [ 1 1 1 1 1 1 1 1 1 1 1 1 1 1 1 1 1 1 1 1 1 1 1 1 0 0 0 0 0 0 0 0 0 0 0 0 1 1 1 1 1 1 1 1 1 1 1 1 0 0 0 0 0 0 0 0 0 0 0 0 ]
L = [ 6 6 6 6 6 6 6 6 6 6 6 6 20 20 20 20 20 20 20 20 20 20 20 20 10 10 10 10 10 10 10 10 10 10 10 10 18 18 18 18 18 18 18 18 18 18 18 18 8 8 8 8 8 8 8 8 8 8 8 8 ]
l = [ 6 6 6 6 6 6 6 6 6 6 6 6 20 20 20 20 20 20 20 20 20 20 20 20 10 10 10 10 10 10 10 10 10 10 10 10 18 18 18 18 18 18 18 18 18 18 18 18 8 8 8 8 8 8 8 8 8 8 8 8 ]
Pmin = [ 32 32 32 32 32 32 32 32 32 32 32 32 100 100 100 100 100 100 100 100 100 100 100 100 58 58 58 58 58 58 58 58 58 58 58 58 90 90 90 90 90 90 90 90 90 90 90 90 42 42 42 42 42 42 42 42 42 42 42 42 ]
Pmax = [ 92 92 92 92 92 92 92 92 92 92 92 92 420 420 420 420 420 420 420 420 420 420 420 420 203 203 203 203 203 203 203 203 203 203 203 203 377 377 377 377 377 377 377 377 377 377 377 377 150 150 150 150 150 150 150 150 150 150 150 150 ]
cf = [ 61.907 61.907 61.907 61.907 61.907 61.907 61.907 61.907 61.907 61.907 61.907 61.907 43.9748 43.9748 43.9748 43.9748 43.9748 43.9748 43.9748 43.9748 43.9748 43.9748 43.9748 43.9748 13.9207 13.9207 13.9207 13.9207 13.9207 13.9207 13.9207 13.9207 13.9207 13.9207 13.9207 13.9207 8.82651 8.82651 8.82651 8.82651 8.82651 8.82651 8.82651 8.82651 8.82651 8.82651 8.82651 8.82651 57.227 57.227 57.227 57.227 57.227 57.227 57.227 57.227 57.227 57.227 57.227 57.227 ]
c0 = [ 93 93 93 93 93 93 93 93 93 93 93 93 250 250 250 250 250 250 250 250 250 250 250 250 158 158 158 158 158 158 158 158 158 158 158 158 229 229 229 229 229 229 229 229 229 229 229 229 129 129 129 129 129 129 129 129 129 129 129 129 ]
cp = [ 37.5951 37.5951 37.5951 37.5951 37.5951 37.5951 37.5951 37.5951 37.5951 37.5951 37.5951 37.5951 8.63346 8.63346 8.63346 8.63346 8.63346 8.63346 8.63346 8.63346 8.63346 8.63346 8.63346 8.63346 31.3101 31.3101 31.3101 31.3101 31.3101 31.3101 31.3101 31.3101 31.3101 31.3101 31.3101 31.3101 9.89502 9.89502 9.89502 9.89502 9.89502 9.89502 9.89502 9.89502 9.89502 9.89502 9.89502 9.89502 38.1779 38.1779 38.1779 38.1779 38.1779 38.1779 38.1779 38.1779 38.1779 38.1779 38.1779 38.1779 ]
D = [ 3804 3923 4510 4891 5196 5681 5935 6203 6947 7180 7424 8141 8512 8732 9055 9774 10323 10453 10687 11244 11850 12436 12758 12748 13437 12585 12219 11347 10840 10424 9832 8948 8840 7831 7517 7916 8786 9525 9785 10396 10960 10039 9346 8260 7151 6375 5004 4037 ]
K = 5
nk = [ 1 1 1 1 1 1 1 1 1 1 1 1 2 2 2 2 2 2 2 2 2 2 2 2 3 3 3 3 3 3 3 3 3 3 3 3 4 4 4 4 4 4 4 4 4 4 4 4 5 5 5 5 5 5 5 5 5 5 5 5 ]
First = [ 1 0 0 0 0 0 0 0 0 0 0 0 1 0 0 0 0 0 0 0 0 0 0 0 1 0 0 0 0 0 0 0 0 0 0 0 1 0 0 0 0 0 0 0 0 0 0 0 1 0 0 0 0 0 0 0 0 0 0 0 ]
Last = [ 0 0 0 0 0 0 0 0 0 0 0 1 0 0 0 0 0 0 0 0 0 0 0 1 0 0 0 0 0 0 0 0 0 0 0 1 0 0 0 0 0 0 0 0 0 0 0 1 0 0 0 0 0 0 0 0 0 0 0 1 ]
nS = 1
S = [ 0 1 2 3 4 5 6 7 8 9 10 11 12 13 14 15 16 17 18 19 20 21 22 23 24 25 26 27 28 29 30 31 32 33 34 35 36 37 38 39 40 41 42 43 44 45 46 47 48 49 50 51 52 53 54 55 56 57 58 59 ]
