n = 60 ; 
T = 48 ; 
Init = [ 0 0 0 0 0 0 0 0 0 0 0 0 0 0 0 0 0 0 0 0 0 0 0 0 0 0 0 0 0 0 0 0 0 0 0 0 0 0 0 0 0 0 0 0 0 0 0 0 0 0 0 0 0 0 0 0 0 0 0 0 ]
L = [ 12 12 12 12 12 12 12 12 12 12 13 13 13 13 13 13 13 13 13 13 11 11 11 11 11 11 11 11 11 11 10 10 10 10 10 10 10 10 10 10 12 12 12 12 12 12 12 12 12 12 20 20 20 20 20 20 20 20 20 20 ]
l = [ 12 12 12 12 12 12 12 12 12 12 13 13 13 13 13 13 13 13 13 13 11 11 11 11 11 11 11 11 11 11 10 10 10 10 10 10 10 10 10 10 12 12 12 12 12 12 12 12 12 12 20 20 20 20 20 20 20 20 20 20 ]
Pmin = [ 59 59 59 59 59 59 59 59 59 59 68 68 68 68 68 68 68 68 68 68 53 53 53 53 53 53 53 53 53 53 51 51 51 51 51 51 51 51 51 51 54 54 54 54 54 54 54 54 54 54 100 100 100 100 100 100 100 100 100 100 ]
Pmax = [ 233 233 233 233 233 233 233 233 233 233 248 248 248 248 248 248 248 248 248 248 209 209 209 209 209 209 209 209 209 209 174 174 174 174 174 174 174 174 174 174 215 215 215 215 215 215 215 215 215 215 420 420 420 420 420 420 420 420 420 420 ]
cf = [ 47.096 47.096 47.096 47.096 47.096 47.096 47.096 47.096 47.096 47.096 35.9564 35.9564 35.9564 35.9564 35.9564 35.9564 35.9564 35.9564 35.9564 35.9564 17.5576 17.5576 17.5576 17.5576 17.5576 17.5576 17.5576 17.5576 17.5576 17.5576 63.631 63.631 63.631 63.631 63.631 63.631 63.631 63.631 63.631 63.631 41.6754 41.6754 41.6754 41.6754 41.6754 41.6754 41.6754 41.6754 41.6754 41.6754 35.4873 35.4873 35.4873 35.4873 35.4873 35.4873 35.4873 35.4873 35.4873 35.4873 ]
c0 = [ 170 170 170 170 170 170 170 170 170 170 182 182 182 182 182 182 182 182 182 182 156 156 156 156 156 156 156 156 156 156 140 140 140 140 140 140 140 140 140 140 142 142 142 142 142 142 142 142 142 142 250 250 250 250 250 250 250 250 250 250 ]
cp = [ 25.3288 25.3288 25.3288 25.3288 25.3288 25.3288 25.3288 25.3288 25.3288 25.3288 29.1052 29.1052 29.1052 29.1052 29.1052 29.1052 29.1052 29.1052 29.1052 29.1052 31.3773 31.3773 31.3773 31.3773 31.3773 31.3773 31.3773 31.3773 31.3773 31.3773 21.8323 21.8323 21.8323 21.8323 21.8323 21.8323 21.8323 21.8323 21.8323 21.8323 19.3114 19.3114 19.3114 19.3114 19.3114 19.3114 19.3114 19.3114 19.3114 19.3114 8.52986 8.52986 8.52986 8.52986 8.52986 8.52986 8.52986 8.52986 8.52986 8.52986 ]
D = [ 3448 4292 4693 5025 5362 5853 6117 6236 6600 6794 7692 7616 8380 8598 9033 9143 9770 10107 10072 10621 11058 11283 11625 12178 12841 12369 11822 11051 10560 9943 9836 9084 8343 8268 7479 8427 8996 9225 9922 10486 11139 10212 9377 8271 7792 6423 5657 4836 ]
K = 6
nk = [ 1 1 1 1 1 1 1 1 1 1 2 2 2 2 2 2 2 2 2 2 3 3 3 3 3 3 3 3 3 3 4 4 4 4 4 4 4 4 4 4 5 5 5 5 5 5 5 5 5 5 6 6 6 6 6 6 6 6 6 6 ]
First = [ 1 0 0 0 0 0 0 0 0 0 1 0 0 0 0 0 0 0 0 0 1 0 0 0 0 0 0 0 0 0 1 0 0 0 0 0 0 0 0 0 1 0 0 0 0 0 0 0 0 0 1 0 0 0 0 0 0 0 0 0 ]
Last = [ 0 0 0 0 0 0 0 0 0 1 0 0 0 0 0 0 0 0 0 1 0 0 0 0 0 0 0 0 0 1 0 0 0 0 0 0 0 0 0 1 0 0 0 0 0 0 0 0 0 1 0 0 0 0 0 0 0 0 0 1 ]
nS = 1
S = [ 0 1 2 3 4 5 6 7 8 9 10 11 12 13 14 15 16 17 18 19 20 21 22 23 24 25 26 27 28 29 30 31 32 33 34 35 36 37 38 39 40 41 42 43 44 45 46 47 48 49 50 51 52 53 54 55 56 57 58 59 ]
