n = 60 ; 
T = 48 ; 
Init = [ 1 1 1 1 1 1 1 1 1 1 0 0 0 0 0 0 0 0 0 0 1 1 1 1 1 1 1 1 1 1 1 1 1 1 1 1 1 1 1 1 1 1 1 1 1 1 1 1 1 1 1 1 1 1 1 1 1 1 1 1 ]
L = [ 10 10 10 10 10 10 10 10 10 10 20 20 20 20 20 20 20 20 20 20 18 18 18 18 18 18 18 18 18 18 15 15 15 15 15 15 15 15 15 15 5 5 5 5 5 5 5 5 5 5 15 15 15 15 15 15 15 15 15 15 ]
l = [ 10 10 10 10 10 10 10 10 10 10 20 20 20 20 20 20 20 20 20 20 18 18 18 18 18 18 18 18 18 18 15 15 15 15 15 15 15 15 15 15 5 5 5 5 5 5 5 5 5 5 15 15 15 15 15 15 15 15 15 15 ]
Pmin = [ 52 52 52 52 52 52 52 52 52 52 100 100 100 100 100 100 100 100 100 100 100 100 100 100 100 100 100 100 100 100 83 83 83 83 83 83 83 83 83 83 28 28 28 28 28 28 28 28 28 28 85 85 85 85 85 85 85 85 85 85 ]
Pmax = [ 204 204 204 204 204 204 204 204 204 204 420 420 420 420 420 420 420 420 420 420 400 400 400 400 400 400 400 400 400 400 324 324 324 324 324 324 324 324 324 324 73 73 73 73 73 73 73 73 73 73 322 322 322 322 322 322 322 322 322 322 ]
cf = [ 40.6743 40.6743 40.6743 40.6743 40.6743 40.6743 40.6743 40.6743 40.6743 40.6743 47.2691 47.2691 47.2691 47.2691 47.2691 47.2691 47.2691 47.2691 47.2691 47.2691 28.868 28.868 28.868 28.868 28.868 28.868 28.868 28.868 28.868 28.868 62.1935 62.1935 62.1935 62.1935 62.1935 62.1935 62.1935 62.1935 62.1935 62.1935 27.0598 27.0598 27.0598 27.0598 27.0598 27.0598 27.0598 27.0598 27.0598 27.0598 16.3311 16.3311 16.3311 16.3311 16.3311 16.3311 16.3311 16.3311 16.3311 16.3311 ]
c0 = [ 137 137 137 137 137 137 137 137 137 137 250 250 250 250 250 250 250 250 250 250 250 250 250 250 250 250 250 250 250 250 230 230 230 230 230 230 230 230 230 230 93 93 93 93 93 93 93 93 93 93 219 219 219 219 219 219 219 219 219 219 ]
cp = [ 38.728 38.728 38.728 38.728 38.728 38.728 38.728 38.728 38.728 38.728 8.29784 8.29784 8.29784 8.29784 8.29784 8.29784 8.29784 8.29784 8.29784 8.29784 18.9682 18.9682 18.9682 18.9682 18.9682 18.9682 18.9682 18.9682 18.9682 18.9682 18.2647 18.2647 18.2647 18.2647 18.2647 18.2647 18.2647 18.2647 18.2647 18.2647 41.4991 41.4991 41.4991 41.4991 41.4991 41.4991 41.4991 41.4991 41.4991 41.4991 20.2772 20.2772 20.2772 20.2772 20.2772 20.2772 20.2772 20.2772 20.2772 20.2772 ]
D = [ 3753 4427 4674 5383 5607 5793 6355 6782 7556 7827 8190 8991 9429 9449 10046 10407 10618 11219 11833 12498 12662 12903 13448 13731 14788 14090 13103 12611 12361 11565 11126 10255 9683 9041 8430 9635 10033 10839 11325 12048 12675 11892 10390 9126 7914 7257 5903 4454 ]
K = 6
nk = [ 1 1 1 1 1 1 1 1 1 1 2 2 2 2 2 2 2 2 2 2 3 3 3 3 3 3 3 3 3 3 4 4 4 4 4 4 4 4 4 4 5 5 5 5 5 5 5 5 5 5 6 6 6 6 6 6 6 6 6 6 ]
First = [ 1 0 0 0 0 0 0 0 0 0 1 0 0 0 0 0 0 0 0 0 1 0 0 0 0 0 0 0 0 0 1 0 0 0 0 0 0 0 0 0 1 0 0 0 0 0 0 0 0 0 1 0 0 0 0 0 0 0 0 0 ]
Last = [ 0 0 0 0 0 0 0 0 0 1 0 0 0 0 0 0 0 0 0 1 0 0 0 0 0 0 0 0 0 1 0 0 0 0 0 0 0 0 0 1 0 0 0 0 0 0 0 0 0 1 0 0 0 0 0 0 0 0 0 1 ]
nS = 1
S = [ 0 1 2 3 4 5 6 7 8 9 10 11 12 13 14 15 16 17 18 19 20 21 22 23 24 25 26 27 28 29 30 31 32 33 34 35 36 37 38 39 40 41 42 43 44 45 46 47 48 49 50 51 52 53 54 55 56 57 58 59 ]
