n = 60 ; 
T = 48 ; 
Init = [ 0 0 0 0 0 0 0 0 0 0 1 1 1 1 1 1 1 1 1 1 0 0 0 0 0 0 0 0 0 0 0 0 0 0 0 0 0 0 0 0 1 1 1 1 1 1 1 1 1 1 0 0 0 0 0 0 0 0 0 0 ]
L = [ 12 12 12 12 12 12 12 12 12 12 16 16 16 16 16 16 16 16 16 16 9 9 9 9 9 9 9 9 9 9 6 6 6 6 6 6 6 6 6 6 11 11 11 11 11 11 11 11 11 11 20 20 20 20 20 20 20 20 20 20 ]
l = [ 12 12 12 12 12 12 12 12 12 12 16 16 16 16 16 16 16 16 16 16 9 9 9 9 9 9 9 9 9 9 6 6 6 6 6 6 6 6 6 6 11 11 11 11 11 11 11 11 11 11 20 20 20 20 20 20 20 20 20 20 ]
Pmin = [ 62 62 62 62 62 62 62 62 62 62 81 81 81 81 81 81 81 81 81 81 47 47 47 47 47 47 47 47 47 47 28 28 28 28 28 28 28 28 28 28 56 56 56 56 56 56 56 56 56 56 100 100 100 100 100 100 100 100 100 100 ]
Pmax = [ 223 223 223 223 223 223 223 223 223 223 337 337 337 337 337 337 337 337 337 337 173 173 173 173 173 173 173 173 173 173 88 88 88 88 88 88 88 88 88 88 200 200 200 200 200 200 200 200 200 200 420 420 420 420 420 420 420 420 420 420 ]
cf = [ 56.7236 56.7236 56.7236 56.7236 56.7236 56.7236 56.7236 56.7236 56.7236 56.7236 41.203 41.203 41.203 41.203 41.203 41.203 41.203 41.203 41.203 41.203 20.2085 20.2085 20.2085 20.2085 20.2085 20.2085 20.2085 20.2085 20.2085 20.2085 43.3092 43.3092 43.3092 43.3092 43.3092 43.3092 43.3092 43.3092 43.3092 43.3092 60.0569 60.0569 60.0569 60.0569 60.0569 60.0569 60.0569 60.0569 60.0569 60.0569 34.5219 34.5219 34.5219 34.5219 34.5219 34.5219 34.5219 34.5219 34.5219 34.5219 ]
c0 = [ 171 171 171 171 171 171 171 171 171 171 218 218 218 218 218 218 218 218 218 218 141 141 141 141 141 141 141 141 141 141 87 87 87 87 87 87 87 87 87 87 156 156 156 156 156 156 156 156 156 156 250 250 250 250 250 250 250 250 250 250 ]
cp = [ 24.9599 24.9599 24.9599 24.9599 24.9599 24.9599 24.9599 24.9599 24.9599 24.9599 22.7068 22.7068 22.7068 22.7068 22.7068 22.7068 22.7068 22.7068 22.7068 22.7068 38.4768 38.4768 38.4768 38.4768 38.4768 38.4768 38.4768 38.4768 38.4768 38.4768 40.8965 40.8965 40.8965 40.8965 40.8965 40.8965 40.8965 40.8965 40.8965 40.8965 32.6878 32.6878 32.6878 32.6878 32.6878 32.6878 32.6878 32.6878 32.6878 32.6878 8.00741 8.00741 8.00741 8.00741 8.00741 8.00741 8.00741 8.00741 8.00741 8.00741 ]
D = [ 4311 4372 5032 5111 5578 5654 6302 6396 6880 6940 7101 7556 7937 8160 8593 9199 9458 9745 9893 9885 10496 11011 10830 11603 11477 11280 10967 10349 9769 9672 8909 8746 7822 7407 7011 7981 8492 9018 9769 10454 11303 10278 9479 8772 7657 6980 5991 4824 ]
K = 6
nk = [ 1 1 1 1 1 1 1 1 1 1 2 2 2 2 2 2 2 2 2 2 3 3 3 3 3 3 3 3 3 3 4 4 4 4 4 4 4 4 4 4 5 5 5 5 5 5 5 5 5 5 6 6 6 6 6 6 6 6 6 6 ]
First = [ 1 0 0 0 0 0 0 0 0 0 1 0 0 0 0 0 0 0 0 0 1 0 0 0 0 0 0 0 0 0 1 0 0 0 0 0 0 0 0 0 1 0 0 0 0 0 0 0 0 0 1 0 0 0 0 0 0 0 0 0 ]
Last = [ 0 0 0 0 0 0 0 0 0 1 0 0 0 0 0 0 0 0 0 1 0 0 0 0 0 0 0 0 0 1 0 0 0 0 0 0 0 0 0 1 0 0 0 0 0 0 0 0 0 1 0 0 0 0 0 0 0 0 0 1 ]
nS = 1
S = [ 0 1 2 3 4 5 6 7 8 9 10 11 12 13 14 15 16 17 18 19 20 21 22 23 24 25 26 27 28 29 30 31 32 33 34 35 36 37 38 39 40 41 42 43 44 45 46 47 48 49 50 51 52 53 54 55 56 57 58 59 ]
