n = 60 ; 
T = 48 ; 
Init = [ 0 0 0 0 0 0 0 0 0 0 0 0 0 0 0 0 0 0 0 0 0 0 0 0 0 0 0 0 0 0 0 0 0 0 0 0 0 0 0 0 0 0 0 0 0 0 0 0 1 1 1 1 1 1 1 1 1 1 1 1 ]
L = [ 9 9 9 9 9 9 9 9 9 9 9 9 10 10 10 10 10 10 10 10 10 10 10 10 19 19 19 19 19 19 19 19 19 19 19 19 6 6 6 6 6 6 6 6 6 6 6 6 12 12 12 12 12 12 12 12 12 12 12 12 ]
l = [ 9 9 9 9 9 9 9 9 9 9 9 9 10 10 10 10 10 10 10 10 10 10 10 10 19 19 19 19 19 19 19 19 19 19 19 19 6 6 6 6 6 6 6 6 6 6 6 6 12 12 12 12 12 12 12 12 12 12 12 12 ]
Pmin = [ 42 42 42 42 42 42 42 42 42 42 42 42 56 56 56 56 56 56 56 56 56 56 56 56 100 100 100 100 100 100 100 100 100 100 100 100 28 28 28 28 28 28 28 28 28 28 28 28 58 58 58 58 58 58 58 58 58 58 58 58 ]
Pmax = [ 154 154 154 154 154 154 154 154 154 154 154 154 197 197 197 197 197 197 197 197 197 197 197 197 420 420 420 420 420 420 420 420 420 420 420 420 81 81 81 81 81 81 81 81 81 81 81 81 218 218 218 218 218 218 218 218 218 218 218 218 ]
cf = [ 38.7875 38.7875 38.7875 38.7875 38.7875 38.7875 38.7875 38.7875 38.7875 38.7875 38.7875 38.7875 52.5482 52.5482 52.5482 52.5482 52.5482 52.5482 52.5482 52.5482 52.5482 52.5482 52.5482 52.5482 8.59623 8.59623 8.59623 8.59623 8.59623 8.59623 8.59623 8.59623 8.59623 8.59623 8.59623 8.59623 14.9077 14.9077 14.9077 14.9077 14.9077 14.9077 14.9077 14.9077 14.9077 14.9077 14.9077 14.9077 54.6691 54.6691 54.6691 54.6691 54.6691 54.6691 54.6691 54.6691 54.6691 54.6691 54.6691 54.6691 ]
c0 = [ 112 112 112 112 112 112 112 112 112 112 112 112 157 157 157 157 157 157 157 157 157 157 157 157 250 250 250 250 250 250 250 250 250 250 250 250 96 96 96 96 96 96 96 96 96 96 96 96 157 157 157 157 157 157 157 157 157 157 157 157 ]
cp = [ 36.5885 36.5885 36.5885 36.5885 36.5885 36.5885 36.5885 36.5885 36.5885 36.5885 36.5885 36.5885 30.0659 30.0659 30.0659 30.0659 30.0659 30.0659 30.0659 30.0659 30.0659 30.0659 30.0659 30.0659 11.574 11.574 11.574 11.574 11.574 11.574 11.574 11.574 11.574 11.574 11.574 11.574 41.0501 41.0501 41.0501 41.0501 41.0501 41.0501 41.0501 41.0501 41.0501 41.0501 41.0501 41.0501 21.6608 21.6608 21.6608 21.6608 21.6608 21.6608 21.6608 21.6608 21.6608 21.6608 21.6608 21.6608 ]
D = [ 2775 3455 3650 3863 4274 4638 4874 5102 5594 6103 6154 6704 7253 7313 7530 7869 8545 8860 9054 9499 9967 9982 10432 10790 11059 10781 10370 9570 9495 8848 8431 8232 7408 6844 6516 7217 7617 8124 8711 9259 9419 8891 7797 6827 6016 5310 4336 3858 ]
K = 5
nk = [ 1 1 1 1 1 1 1 1 1 1 1 1 2 2 2 2 2 2 2 2 2 2 2 2 3 3 3 3 3 3 3 3 3 3 3 3 4 4 4 4 4 4 4 4 4 4 4 4 5 5 5 5 5 5 5 5 5 5 5 5 ]
First = [ 1 0 0 0 0 0 0 0 0 0 0 0 1 0 0 0 0 0 0 0 0 0 0 0 1 0 0 0 0 0 0 0 0 0 0 0 1 0 0 0 0 0 0 0 0 0 0 0 1 0 0 0 0 0 0 0 0 0 0 0 ]
Last = [ 0 0 0 0 0 0 0 0 0 0 0 1 0 0 0 0 0 0 0 0 0 0 0 1 0 0 0 0 0 0 0 0 0 0 0 1 0 0 0 0 0 0 0 0 0 0 0 1 0 0 0 0 0 0 0 0 0 0 0 1 ]
nS = 1
S = [ 0 1 2 3 4 5 6 7 8 9 10 11 12 13 14 15 16 17 18 19 20 21 22 23 24 25 26 27 28 29 30 31 32 33 34 35 36 37 38 39 40 41 42 43 44 45 46 47 48 49 50 51 52 53 54 55 56 57 58 59 ]
