n = 60 ; 
T = 48 ; 
Init = [ 1 1 1 1 1 1 1 1 1 1 1 1 1 1 1 0 0 0 0 0 0 0 0 0 0 0 0 0 0 0 0 0 0 0 0 0 0 0 0 0 0 0 0 0 0 0 0 0 0 0 0 0 0 0 0 0 0 0 0 0 ]
L = [ 11 11 11 11 11 11 11 11 11 11 11 11 11 11 11 19 19 19 19 19 19 19 19 19 19 19 19 19 19 19 5 5 5 5 5 5 5 5 5 5 5 5 5 5 5 6 6 6 6 6 6 6 6 6 6 6 6 6 6 6 ]
l = [ 11 11 11 11 11 11 11 11 11 11 11 11 11 11 11 19 19 19 19 19 19 19 19 19 19 19 19 19 19 19 5 5 5 5 5 5 5 5 5 5 5 5 5 5 5 6 6 6 6 6 6 6 6 6 6 6 6 6 6 6 ]
Pmin = [ 57 57 57 57 57 57 57 57 57 57 57 57 57 57 57 100 100 100 100 100 100 100 100 100 100 100 100 100 100 100 17 17 17 17 17 17 17 17 17 17 17 17 17 17 17 27 27 27 27 27 27 27 27 27 27 27 27 27 27 27 ]
Pmax = [ 202 202 202 202 202 202 202 202 202 202 202 202 202 202 202 420 420 420 420 420 420 420 420 420 420 420 420 420 420 420 57 57 57 57 57 57 57 57 57 57 57 57 57 57 57 89 89 89 89 89 89 89 89 89 89 89 89 89 89 89 ]
cf = [ 54.7922 54.7922 54.7922 54.7922 54.7922 54.7922 54.7922 54.7922 54.7922 54.7922 54.7922 54.7922 54.7922 54.7922 54.7922 29.2843 29.2843 29.2843 29.2843 29.2843 29.2843 29.2843 29.2843 29.2843 29.2843 29.2843 29.2843 29.2843 29.2843 29.2843 42.5463 42.5463 42.5463 42.5463 42.5463 42.5463 42.5463 42.5463 42.5463 42.5463 42.5463 42.5463 42.5463 42.5463 42.5463 68.5667 68.5667 68.5667 68.5667 68.5667 68.5667 68.5667 68.5667 68.5667 68.5667 68.5667 68.5667 68.5667 68.5667 68.5667 ]
c0 = [ 167 167 167 167 167 167 167 167 167 167 167 167 167 167 167 250 250 250 250 250 250 250 250 250 250 250 250 250 250 250 58 58 58 58 58 58 58 58 58 58 58 58 58 58 58 81 81 81 81 81 81 81 81 81 81 81 81 81 81 81 ]
cp = [ 25.7486 25.7486 25.7486 25.7486 25.7486 25.7486 25.7486 25.7486 25.7486 25.7486 25.7486 25.7486 25.7486 25.7486 25.7486 8.47053 8.47053 8.47053 8.47053 8.47053 8.47053 8.47053 8.47053 8.47053 8.47053 8.47053 8.47053 8.47053 8.47053 8.47053 41.6593 41.6593 41.6593 41.6593 41.6593 41.6593 41.6593 41.6593 41.6593 41.6593 41.6593 41.6593 41.6593 41.6593 41.6593 36.1684 36.1684 36.1684 36.1684 36.1684 36.1684 36.1684 36.1684 36.1684 36.1684 36.1684 36.1684 36.1684 36.1684 36.1684 ]
D = [ 2708 2742 3393 3634 3812 4165 4642 4966 5393 5565 5721 5981 6497 6590 7238 7549 7936 8103 8510 8527 9194 9301 9565 10156 10055 9706 9309 9240 8565 8013 7947 7145 6769 6575 6156 6568 6876 7544 7962 8839 8901 8292 7326 6722 5888 5251 4179 3413 ]
K = 4
nk = [ 1 1 1 1 1 1 1 1 1 1 1 1 1 1 1 2 2 2 2 2 2 2 2 2 2 2 2 2 2 2 3 3 3 3 3 3 3 3 3 3 3 3 3 3 3 4 4 4 4 4 4 4 4 4 4 4 4 4 4 4 ]
First = [ 1 0 0 0 0 0 0 0 0 0 0 0 0 0 0 1 0 0 0 0 0 0 0 0 0 0 0 0 0 0 1 0 0 0 0 0 0 0 0 0 0 0 0 0 0 1 0 0 0 0 0 0 0 0 0 0 0 0 0 0 ]
Last = [ 0 0 0 0 0 0 0 0 0 0 0 0 0 0 1 0 0 0 0 0 0 0 0 0 0 0 0 0 0 1 0 0 0 0 0 0 0 0 0 0 0 0 0 0 1 0 0 0 0 0 0 0 0 0 0 0 0 0 0 1 ]
nS = 1
S = [ 0 1 2 3 4 5 6 7 8 9 10 11 12 13 14 15 16 17 18 19 20 21 22 23 24 25 26 27 28 29 30 31 32 33 34 35 36 37 38 39 40 41 42 43 44 45 46 47 48 49 50 51 52 53 54 55 56 57 58 59 ]
