n = 60 ; 
T = 48 ; 
Init = [ 1 1 1 1 1 1 1 1 1 1 0 0 0 0 0 0 0 0 0 0 0 0 0 0 0 0 0 0 0 0 1 1 1 1 1 1 1 1 1 1 0 0 0 0 0 0 0 0 0 0 0 0 0 0 0 0 0 0 0 0 ]
L = [ 9 9 9 9 9 9 9 9 9 9 7 7 7 7 7 7 7 7 7 7 16 16 16 16 16 16 16 16 16 16 10 10 10 10 10 10 10 10 10 10 15 15 15 15 15 15 15 15 15 15 12 12 12 12 12 12 12 12 12 12 ]
l = [ 9 9 9 9 9 9 9 9 9 9 7 7 7 7 7 7 7 7 7 7 16 16 16 16 16 16 16 16 16 16 10 10 10 10 10 10 10 10 10 10 15 15 15 15 15 15 15 15 15 15 12 12 12 12 12 12 12 12 12 12 ]
Pmin = [ 55 55 55 55 55 55 55 55 55 55 35 35 35 35 35 35 35 35 35 35 82 82 82 82 82 82 82 82 82 82 46 46 46 46 46 46 46 46 46 46 80 80 80 80 80 80 80 80 80 80 62 62 62 62 62 62 62 62 62 62 ]
Pmax = [ 187 187 187 187 187 187 187 187 187 187 104 104 104 104 104 104 104 104 104 104 338 338 338 338 338 338 338 338 338 338 168 168 168 168 168 168 168 168 168 168 318 318 318 318 318 318 318 318 318 318 240 240 240 240 240 240 240 240 240 240 ]
cf = [ 63.2708 63.2708 63.2708 63.2708 63.2708 63.2708 63.2708 63.2708 63.2708 63.2708 31.7371 31.7371 31.7371 31.7371 31.7371 31.7371 31.7371 31.7371 31.7371 31.7371 68.7982 68.7982 68.7982 68.7982 68.7982 68.7982 68.7982 68.7982 68.7982 68.7982 64.8776 64.8776 64.8776 64.8776 64.8776 64.8776 64.8776 64.8776 64.8776 64.8776 56.5672 56.5672 56.5672 56.5672 56.5672 56.5672 56.5672 56.5672 56.5672 56.5672 9.19892 9.19892 9.19892 9.19892 9.19892 9.19892 9.19892 9.19892 9.19892 9.19892 ]
c0 = [ 152 152 152 152 152 152 152 152 152 152 105 105 105 105 105 105 105 105 105 105 210 210 210 210 210 210 210 210 210 210 129 129 129 129 129 129 129 129 129 129 222 222 222 222 222 222 222 222 222 222 173 173 173 173 173 173 173 173 173 173 ]
cp = [ 32.9287 32.9287 32.9287 32.9287 32.9287 32.9287 32.9287 32.9287 32.9287 32.9287 33.5166 33.5166 33.5166 33.5166 33.5166 33.5166 33.5166 33.5166 33.5166 33.5166 30.4247 30.4247 30.4247 30.4247 30.4247 30.4247 30.4247 30.4247 30.4247 30.4247 30.6024 30.6024 30.6024 30.6024 30.6024 30.6024 30.6024 30.6024 30.6024 30.6024 17.9347 17.9347 17.9347 17.9347 17.9347 17.9347 17.9347 17.9347 17.9347 17.9347 22.1067 22.1067 22.1067 22.1067 22.1067 22.1067 22.1067 22.1067 22.1067 22.1067 ]
D = [ 3138 3274 3727 3898 4703 4878 4884 5740 5808 6304 6437 7000 7133 7282 7895 8117 8633 9174 9036 9657 10201 10548 10385 10987 11069 10767 10563 9989 9403 8857 8612 8391 7635 7499 6561 7388 8206 8594 9390 9931 11011 10085 9332 8149 7568 6542 5777 4826 ]
K = 6
nk = [ 1 1 1 1 1 1 1 1 1 1 2 2 2 2 2 2 2 2 2 2 3 3 3 3 3 3 3 3 3 3 4 4 4 4 4 4 4 4 4 4 5 5 5 5 5 5 5 5 5 5 6 6 6 6 6 6 6 6 6 6 ]
First = [ 1 0 0 0 0 0 0 0 0 0 1 0 0 0 0 0 0 0 0 0 1 0 0 0 0 0 0 0 0 0 1 0 0 0 0 0 0 0 0 0 1 0 0 0 0 0 0 0 0 0 1 0 0 0 0 0 0 0 0 0 ]
Last = [ 0 0 0 0 0 0 0 0 0 1 0 0 0 0 0 0 0 0 0 1 0 0 0 0 0 0 0 0 0 1 0 0 0 0 0 0 0 0 0 1 0 0 0 0 0 0 0 0 0 1 0 0 0 0 0 0 0 0 0 1 ]
nS = 1
S = [ 0 1 2 3 4 5 6 7 8 9 10 11 12 13 14 15 16 17 18 19 20 21 22 23 24 25 26 27 28 29 30 31 32 33 34 35 36 37 38 39 40 41 42 43 44 45 46 47 48 49 50 51 52 53 54 55 56 57 58 59 ]
