n = 60 ; 
T = 48 ; 
Init = [ 0 0 0 0 0 0 0 0 0 0 0 0 0 0 0 0 0 0 0 0 0 0 0 0 0 0 0 0 0 0 0 0 0 0 0 0 0 0 0 0 1 1 1 1 1 1 1 1 1 1 0 0 0 0 0 0 0 0 0 0 ]
L = [ 12 12 12 12 12 12 12 12 12 12 12 12 12 12 12 12 12 12 12 12 15 15 15 15 15 15 15 15 15 15 12 12 12 12 12 12 12 12 12 12 20 20 20 20 20 20 20 20 20 20 20 20 20 20 20 20 20 20 20 20 ]
l = [ 12 12 12 12 12 12 12 12 12 12 12 12 12 12 12 12 12 12 12 12 15 15 15 15 15 15 15 15 15 15 12 12 12 12 12 12 12 12 12 12 20 20 20 20 20 20 20 20 20 20 20 20 20 20 20 20 20 20 20 20 ]
Pmin = [ 71 71 71 71 71 71 71 71 71 71 61 61 61 61 61 61 61 61 61 61 83 83 83 83 83 83 83 83 83 83 62 62 62 62 62 62 62 62 62 62 100 100 100 100 100 100 100 100 100 100 100 100 100 100 100 100 100 100 100 100 ]
Pmax = [ 259 259 259 259 259 259 259 259 259 259 230 230 230 230 230 230 230 230 230 230 331 331 331 331 331 331 331 331 331 331 226 226 226 226 226 226 226 226 226 226 420 420 420 420 420 420 420 420 420 420 420 420 420 420 420 420 420 420 420 420 ]
cf = [ 49.4842 49.4842 49.4842 49.4842 49.4842 49.4842 49.4842 49.4842 49.4842 49.4842 65.2368 65.2368 65.2368 65.2368 65.2368 65.2368 65.2368 65.2368 65.2368 65.2368 25.2581 25.2581 25.2581 25.2581 25.2581 25.2581 25.2581 25.2581 25.2581 25.2581 34.1576 34.1576 34.1576 34.1576 34.1576 34.1576 34.1576 34.1576 34.1576 34.1576 48.3794 48.3794 48.3794 48.3794 48.3794 48.3794 48.3794 48.3794 48.3794 48.3794 30.1725 30.1725 30.1725 30.1725 30.1725 30.1725 30.1725 30.1725 30.1725 30.1725 ]
c0 = [ 197 197 197 197 197 197 197 197 197 197 179 179 179 179 179 179 179 179 179 179 222 222 222 222 222 222 222 222 222 222 179 179 179 179 179 179 179 179 179 179 250 250 250 250 250 250 250 250 250 250 250 250 250 250 250 250 250 250 250 250 ]
cp = [ 17.5948 17.5948 17.5948 17.5948 17.5948 17.5948 17.5948 17.5948 17.5948 17.5948 24.4752 24.4752 24.4752 24.4752 24.4752 24.4752 24.4752 24.4752 24.4752 24.4752 20.4354 20.4354 20.4354 20.4354 20.4354 20.4354 20.4354 20.4354 20.4354 20.4354 29.48 29.48 29.48 29.48 29.48 29.48 29.48 29.48 29.48 29.48 9.74116 9.74116 9.74116 9.74116 9.74116 9.74116 9.74116 9.74116 9.74116 9.74116 8.07914 8.07914 8.07914 8.07914 8.07914 8.07914 8.07914 8.07914 8.07914 8.07914 ]
D = [ 4371 4909 5685 6161 6342 7017 7053 8120 8650 8513 9641 9493 10122 10537 11081 12053 12441 12413 13523 13494 14347 14932 15386 15901 16068 15339 14540 14241 13441 12891 11693 11617 10364 10211 9370 10038 10789 11723 12217 13013 14079 12472 11399 10618 8940 7926 6877 5102 ]
K = 6
nk = [ 1 1 1 1 1 1 1 1 1 1 2 2 2 2 2 2 2 2 2 2 3 3 3 3 3 3 3 3 3 3 4 4 4 4 4 4 4 4 4 4 5 5 5 5 5 5 5 5 5 5 6 6 6 6 6 6 6 6 6 6 ]
First = [ 1 0 0 0 0 0 0 0 0 0 1 0 0 0 0 0 0 0 0 0 1 0 0 0 0 0 0 0 0 0 1 0 0 0 0 0 0 0 0 0 1 0 0 0 0 0 0 0 0 0 1 0 0 0 0 0 0 0 0 0 ]
Last = [ 0 0 0 0 0 0 0 0 0 1 0 0 0 0 0 0 0 0 0 1 0 0 0 0 0 0 0 0 0 1 0 0 0 0 0 0 0 0 0 1 0 0 0 0 0 0 0 0 0 1 0 0 0 0 0 0 0 0 0 1 ]
nS = 1
S = [ 0 1 2 3 4 5 6 7 8 9 10 11 12 13 14 15 16 17 18 19 20 21 22 23 24 25 26 27 28 29 30 31 32 33 34 35 36 37 38 39 40 41 42 43 44 45 46 47 48 49 50 51 52 53 54 55 56 57 58 59 ]
