n = 60 ; 
T = 48 ; 
Init = [ 1 1 1 1 1 1 1 1 1 1 1 1 1 1 1 1 1 1 1 1 1 1 1 1 0 0 0 0 0 0 0 0 0 0 0 0 1 1 1 1 1 1 1 1 1 1 1 1 0 0 0 0 0 0 0 0 0 0 0 0 ]
L = [ 12 12 12 12 12 12 12 12 12 12 12 12 17 17 17 17 17 17 17 17 17 17 17 17 5 5 5 5 5 5 5 5 5 5 5 5 14 14 14 14 14 14 14 14 14 14 14 14 14 14 14 14 14 14 14 14 14 14 14 14 ]
l = [ 12 12 12 12 12 12 12 12 12 12 12 12 17 17 17 17 17 17 17 17 17 17 17 17 5 5 5 5 5 5 5 5 5 5 5 5 14 14 14 14 14 14 14 14 14 14 14 14 14 14 14 14 14 14 14 14 14 14 14 14 ]
Pmin = [ 60 60 60 60 60 60 60 60 60 60 60 60 87 87 87 87 87 87 87 87 87 87 87 87 23 23 23 23 23 23 23 23 23 23 23 23 77 77 77 77 77 77 77 77 77 77 77 77 79 79 79 79 79 79 79 79 79 79 79 79 ]
Pmax = [ 230 230 230 230 230 230 230 230 230 230 230 230 362 362 362 362 362 362 362 362 362 362 362 362 67 67 67 67 67 67 67 67 67 67 67 67 291 291 291 291 291 291 291 291 291 291 291 291 319 319 319 319 319 319 319 319 319 319 319 319 ]
cf = [ 44.2071 44.2071 44.2071 44.2071 44.2071 44.2071 44.2071 44.2071 44.2071 44.2071 44.2071 44.2071 55.752 55.752 55.752 55.752 55.752 55.752 55.752 55.752 55.752 55.752 55.752 55.752 36.1421 36.1421 36.1421 36.1421 36.1421 36.1421 36.1421 36.1421 36.1421 36.1421 36.1421 36.1421 64.9846 64.9846 64.9846 64.9846 64.9846 64.9846 64.9846 64.9846 64.9846 64.9846 64.9846 64.9846 9.92263 9.92263 9.92263 9.92263 9.92263 9.92263 9.92263 9.92263 9.92263 9.92263 9.92263 9.92263 ]
c0 = [ 170 170 170 170 170 170 170 170 170 170 170 170 229 229 229 229 229 229 229 229 229 229 229 229 87 87 87 87 87 87 87 87 87 87 87 87 201 201 201 201 201 201 201 201 201 201 201 201 199 199 199 199 199 199 199 199 199 199 199 199 ]
cp = [ 29.1924 29.1924 29.1924 29.1924 29.1924 29.1924 29.1924 29.1924 29.1924 29.1924 29.1924 29.1924 22.9995 22.9995 22.9995 22.9995 22.9995 22.9995 22.9995 22.9995 22.9995 22.9995 22.9995 22.9995 38.0105 38.0105 38.0105 38.0105 38.0105 38.0105 38.0105 38.0105 38.0105 38.0105 38.0105 38.0105 28.5716 28.5716 28.5716 28.5716 28.5716 28.5716 28.5716 28.5716 28.5716 28.5716 28.5716 28.5716 16.6301 16.6301 16.6301 16.6301 16.6301 16.6301 16.6301 16.6301 16.6301 16.6301 16.6301 16.6301 ]
D = [ 4174 4440 4950 5340 5642 6278 6525 6931 7329 7515 7996 8412 9216 9227 9808 10348 10671 10908 11342 11794 11863 12647 12635 13346 13423 13210 12385 11668 11039 10463 10088 9314 8620 7759 7598 8121 8812 9204 9749 10451 11253 10270 9380 8368 7620 6925 5457 4647 ]
K = 5
nk = [ 1 1 1 1 1 1 1 1 1 1 1 1 2 2 2 2 2 2 2 2 2 2 2 2 3 3 3 3 3 3 3 3 3 3 3 3 4 4 4 4 4 4 4 4 4 4 4 4 5 5 5 5 5 5 5 5 5 5 5 5 ]
First = [ 1 0 0 0 0 0 0 0 0 0 0 0 1 0 0 0 0 0 0 0 0 0 0 0 1 0 0 0 0 0 0 0 0 0 0 0 1 0 0 0 0 0 0 0 0 0 0 0 1 0 0 0 0 0 0 0 0 0 0 0 ]
Last = [ 0 0 0 0 0 0 0 0 0 0 0 1 0 0 0 0 0 0 0 0 0 0 0 1 0 0 0 0 0 0 0 0 0 0 0 1 0 0 0 0 0 0 0 0 0 0 0 1 0 0 0 0 0 0 0 0 0 0 0 1 ]
nS = 1
S = [ 0 1 2 3 4 5 6 7 8 9 10 11 12 13 14 15 16 17 18 19 20 21 22 23 24 25 26 27 28 29 30 31 32 33 34 35 36 37 38 39 40 41 42 43 44 45 46 47 48 49 50 51 52 53 54 55 56 57 58 59 ]
