n = 60 ; 
T = 48 ; 
Init = [ 0 0 0 0 0 0 0 0 0 0 0 0 0 0 0 0 0 0 0 0 0 0 0 0 0 0 0 0 0 0 1 1 1 1 1 1 1 1 1 1 1 1 1 1 1 1 1 1 1 1 1 1 1 1 1 1 1 1 1 1 ]
L = [ 13 13 13 13 13 13 13 13 13 13 13 13 13 13 13 19 19 19 19 19 19 19 19 19 19 19 19 19 19 19 12 12 12 12 12 12 12 12 12 12 12 12 12 12 12 12 12 12 12 12 12 12 12 12 12 12 12 12 12 12 ]
l = [ 13 13 13 13 13 13 13 13 13 13 13 13 13 13 13 19 19 19 19 19 19 19 19 19 19 19 19 19 19 19 12 12 12 12 12 12 12 12 12 12 12 12 12 12 12 12 12 12 12 12 12 12 12 12 12 12 12 12 12 12 ]
Pmin = [ 70 70 70 70 70 70 70 70 70 70 70 70 70 70 70 100 100 100 100 100 100 100 100 100 100 100 100 100 100 100 59 59 59 59 59 59 59 59 59 59 59 59 59 59 59 62 62 62 62 62 62 62 62 62 62 62 62 62 62 62 ]
Pmax = [ 271 271 271 271 271 271 271 271 271 271 271 271 271 271 271 399 399 399 399 399 399 399 399 399 399 399 399 399 399 399 214 214 214 214 214 214 214 214 214 214 214 214 214 214 214 243 243 243 243 243 243 243 243 243 243 243 243 243 243 243 ]
cf = [ 25.7101 25.7101 25.7101 25.7101 25.7101 25.7101 25.7101 25.7101 25.7101 25.7101 25.7101 25.7101 25.7101 25.7101 25.7101 64.4735 64.4735 64.4735 64.4735 64.4735 64.4735 64.4735 64.4735 64.4735 64.4735 64.4735 64.4735 64.4735 64.4735 64.4735 24.6411 24.6411 24.6411 24.6411 24.6411 24.6411 24.6411 24.6411 24.6411 24.6411 24.6411 24.6411 24.6411 24.6411 24.6411 31.8207 31.8207 31.8207 31.8207 31.8207 31.8207 31.8207 31.8207 31.8207 31.8207 31.8207 31.8207 31.8207 31.8207 31.8207 ]
c0 = [ 191 191 191 191 191 191 191 191 191 191 191 191 191 191 191 250 250 250 250 250 250 250 250 250 250 250 250 250 250 250 162 162 162 162 162 162 162 162 162 162 162 162 162 162 162 172 172 172 172 172 172 172 172 172 172 172 172 172 172 172 ]
cp = [ 15.8355 15.8355 15.8355 15.8355 15.8355 15.8355 15.8355 15.8355 15.8355 15.8355 15.8355 15.8355 15.8355 15.8355 15.8355 9.81748 9.81748 9.81748 9.81748 9.81748 9.81748 9.81748 9.81748 9.81748 9.81748 9.81748 9.81748 9.81748 9.81748 9.81748 33.0358 33.0358 33.0358 33.0358 33.0358 33.0358 33.0358 33.0358 33.0358 33.0358 33.0358 33.0358 33.0358 33.0358 33.0358 21.2729 21.2729 21.2729 21.2729 21.2729 21.2729 21.2729 21.2729 21.2729 21.2729 21.2729 21.2729 21.2729 21.2729 21.2729 ]
D = [ 3463 4115 4641 5159 5152 5690 6124 6516 7002 7540 8355 9051 9393 9851 9916 10365 11163 11381 11772 12320 13107 13661 13963 14654 15069 14061 13841 12664 12352 11749 10733 10030 9601 9309 8645 8999 9358 9917 10861 11227 11847 10856 9846 8736 7724 6976 5836 5144 ]
K = 4
nk = [ 1 1 1 1 1 1 1 1 1 1 1 1 1 1 1 2 2 2 2 2 2 2 2 2 2 2 2 2 2 2 3 3 3 3 3 3 3 3 3 3 3 3 3 3 3 4 4 4 4 4 4 4 4 4 4 4 4 4 4 4 ]
First = [ 1 0 0 0 0 0 0 0 0 0 0 0 0 0 0 1 0 0 0 0 0 0 0 0 0 0 0 0 0 0 1 0 0 0 0 0 0 0 0 0 0 0 0 0 0 1 0 0 0 0 0 0 0 0 0 0 0 0 0 0 ]
Last = [ 0 0 0 0 0 0 0 0 0 0 0 0 0 0 1 0 0 0 0 0 0 0 0 0 0 0 0 0 0 1 0 0 0 0 0 0 0 0 0 0 0 0 0 0 1 0 0 0 0 0 0 0 0 0 0 0 0 0 0 1 ]
nS = 1
S = [ 0 1 2 3 4 5 6 7 8 9 10 11 12 13 14 15 16 17 18 19 20 21 22 23 24 25 26 27 28 29 30 31 32 33 34 35 36 37 38 39 40 41 42 43 44 45 46 47 48 49 50 51 52 53 54 55 56 57 58 59 ]
