n = 60 ; 
T = 48 ; 
Init = [ 1 1 1 1 1 1 1 1 1 1 1 1 1 1 1 1 1 1 1 1 1 1 1 1 1 1 1 1 1 1 1 1 1 1 1 1 1 1 1 1 1 1 1 1 1 1 1 1 1 1 1 1 1 1 1 1 1 1 1 1 ]
L = [ 9 9 9 9 9 9 9 9 9 9 9 9 9 9 9 4 4 4 4 4 4 4 4 4 4 4 4 4 4 4 17 17 17 17 17 17 17 17 17 17 17 17 17 17 17 5 5 5 5 5 5 5 5 5 5 5 5 5 5 5 ]
l = [ 9 9 9 9 9 9 9 9 9 9 9 9 9 9 9 4 4 4 4 4 4 4 4 4 4 4 4 4 4 4 17 17 17 17 17 17 17 17 17 17 17 17 17 17 17 5 5 5 5 5 5 5 5 5 5 5 5 5 5 5 ]
Pmin = [ 43 43 43 43 43 43 43 43 43 43 43 43 43 43 43 21 21 21 21 21 21 21 21 21 21 21 21 21 21 21 86 86 86 86 86 86 86 86 86 86 86 86 86 86 86 20 20 20 20 20 20 20 20 20 20 20 20 20 20 20 ]
Pmax = [ 164 164 164 164 164 164 164 164 164 164 164 164 164 164 164 56 56 56 56 56 56 56 56 56 56 56 56 56 56 56 349 349 349 349 349 349 349 349 349 349 349 349 349 349 349 46 46 46 46 46 46 46 46 46 46 46 46 46 46 46 ]
cf = [ 28.2862 28.2862 28.2862 28.2862 28.2862 28.2862 28.2862 28.2862 28.2862 28.2862 28.2862 28.2862 28.2862 28.2862 28.2862 19.8532 19.8532 19.8532 19.8532 19.8532 19.8532 19.8532 19.8532 19.8532 19.8532 19.8532 19.8532 19.8532 19.8532 19.8532 42.0136 42.0136 42.0136 42.0136 42.0136 42.0136 42.0136 42.0136 42.0136 42.0136 42.0136 42.0136 42.0136 42.0136 42.0136 8.76593 8.76593 8.76593 8.76593 8.76593 8.76593 8.76593 8.76593 8.76593 8.76593 8.76593 8.76593 8.76593 8.76593 8.76593 ]
c0 = [ 117 117 117 117 117 117 117 117 117 117 117 117 117 117 117 81 81 81 81 81 81 81 81 81 81 81 81 81 81 81 234 234 234 234 234 234 234 234 234 234 234 234 234 234 234 66 66 66 66 66 66 66 66 66 66 66 66 66 66 66 ]
cp = [ 36.5365 36.5365 36.5365 36.5365 36.5365 36.5365 36.5365 36.5365 36.5365 36.5365 36.5365 36.5365 36.5365 36.5365 36.5365 39.7809 39.7809 39.7809 39.7809 39.7809 39.7809 39.7809 39.7809 39.7809 39.7809 39.7809 39.7809 39.7809 39.7809 39.7809 18.6192 18.6192 18.6192 18.6192 18.6192 18.6192 18.6192 18.6192 18.6192 18.6192 18.6192 18.6192 18.6192 18.6192 18.6192 41.609 41.609 41.609 41.609 41.609 41.609 41.609 41.609 41.609 41.609 41.609 41.609 41.609 41.609 41.609 ]
D = [ 2152 2069 2622 2775 2935 3139 3451 3743 3842 3943 4438 4645 4894 4988 5303 5621 5659 6020 6055 6402 6680 6781 7272 7487 7776 7193 7153 6547 6476 5934 5683 5495 5004 4704 4435 4921 5273 5395 5939 6155 6515 6053 5714 5191 4590 3963 3524 3096 ]
K = 4
nk = [ 1 1 1 1 1 1 1 1 1 1 1 1 1 1 1 2 2 2 2 2 2 2 2 2 2 2 2 2 2 2 3 3 3 3 3 3 3 3 3 3 3 3 3 3 3 4 4 4 4 4 4 4 4 4 4 4 4 4 4 4 ]
First = [ 1 0 0 0 0 0 0 0 0 0 0 0 0 0 0 1 0 0 0 0 0 0 0 0 0 0 0 0 0 0 1 0 0 0 0 0 0 0 0 0 0 0 0 0 0 1 0 0 0 0 0 0 0 0 0 0 0 0 0 0 ]
Last = [ 0 0 0 0 0 0 0 0 0 0 0 0 0 0 1 0 0 0 0 0 0 0 0 0 0 0 0 0 0 1 0 0 0 0 0 0 0 0 0 0 0 0 0 0 1 0 0 0 0 0 0 0 0 0 0 0 0 0 0 1 ]
nS = 1
S = [ 0 1 2 3 4 5 6 7 8 9 10 11 12 13 14 15 16 17 18 19 20 21 22 23 24 25 26 27 28 29 30 31 32 33 34 35 36 37 38 39 40 41 42 43 44 45 46 47 48 49 50 51 52 53 54 55 56 57 58 59 ]
