n = 60 ; 
T = 48 ; 
Init = [ 1 1 1 1 1 1 1 1 1 1 1 1 0 0 0 0 0 0 0 0 0 0 0 0 0 0 0 0 0 0 0 0 0 0 0 0 0 0 0 0 0 0 0 0 0 0 0 0 1 1 1 1 1 1 1 1 1 1 1 1 ]
L = [ 7 7 7 7 7 7 7 7 7 7 7 7 7 7 7 7 7 7 7 7 7 7 7 7 16 16 16 16 16 16 16 16 16 16 16 16 10 10 10 10 10 10 10 10 10 10 10 10 18 18 18 18 18 18 18 18 18 18 18 18 ]
l = [ 7 7 7 7 7 7 7 7 7 7 7 7 7 7 7 7 7 7 7 7 7 7 7 7 16 16 16 16 16 16 16 16 16 16 16 16 10 10 10 10 10 10 10 10 10 10 10 10 18 18 18 18 18 18 18 18 18 18 18 18 ]
Pmin = [ 34 34 34 34 34 34 34 34 34 34 34 34 32 32 32 32 32 32 32 32 32 32 32 32 76 76 76 76 76 76 76 76 76 76 76 76 58 58 58 58 58 58 58 58 58 58 58 58 100 100 100 100 100 100 100 100 100 100 100 100 ]
Pmax = [ 111 111 111 111 111 111 111 111 111 111 111 111 109 109 109 109 109 109 109 109 109 109 109 109 314 314 314 314 314 314 314 314 314 314 314 314 203 203 203 203 203 203 203 203 203 203 203 203 413 413 413 413 413 413 413 413 413 413 413 413 ]
cf = [ 15.3369 15.3369 15.3369 15.3369 15.3369 15.3369 15.3369 15.3369 15.3369 15.3369 15.3369 15.3369 7.18728 7.18728 7.18728 7.18728 7.18728 7.18728 7.18728 7.18728 7.18728 7.18728 7.18728 7.18728 18.6202 18.6202 18.6202 18.6202 18.6202 18.6202 18.6202 18.6202 18.6202 18.6202 18.6202 18.6202 22.1 22.1 22.1 22.1 22.1 22.1 22.1 22.1 22.1 22.1 22.1 22.1 49.2108 49.2108 49.2108 49.2108 49.2108 49.2108 49.2108 49.2108 49.2108 49.2108 49.2108 49.2108 ]
c0 = [ 99 99 99 99 99 99 99 99 99 99 99 99 106 106 106 106 106 106 106 106 106 106 106 106 212 212 212 212 212 212 212 212 212 212 212 212 172 172 172 172 172 172 172 172 172 172 172 172 250 250 250 250 250 250 250 250 250 250 250 250 ]
cp = [ 33.1403 33.1403 33.1403 33.1403 33.1403 33.1403 33.1403 33.1403 33.1403 33.1403 33.1403 33.1403 29.5439 29.5439 29.5439 29.5439 29.5439 29.5439 29.5439 29.5439 29.5439 29.5439 29.5439 29.5439 16.8276 16.8276 16.8276 16.8276 16.8276 16.8276 16.8276 16.8276 16.8276 16.8276 16.8276 16.8276 30.3983 30.3983 30.3983 30.3983 30.3983 30.3983 30.3983 30.3983 30.3983 30.3983 30.3983 30.3983 13.2051 13.2051 13.2051 13.2051 13.2051 13.2051 13.2051 13.2051 13.2051 13.2051 13.2051 13.2051 ]
D = [ 4069 3992 4547 5034 5172 5594 5752 5846 6138 6873 7153 7517 7687 7824 8374 8258 8578 8856 9367 9815 10039 10496 10621 10711 11350 10742 10553 10014 9483 8677 8342 7959 7325 7241 6489 7334 7908 8655 9290 9854 10480 9558 8647 7606 6517 5853 4944 3872 ]
K = 5
nk = [ 1 1 1 1 1 1 1 1 1 1 1 1 2 2 2 2 2 2 2 2 2 2 2 2 3 3 3 3 3 3 3 3 3 3 3 3 4 4 4 4 4 4 4 4 4 4 4 4 5 5 5 5 5 5 5 5 5 5 5 5 ]
First = [ 1 0 0 0 0 0 0 0 0 0 0 0 1 0 0 0 0 0 0 0 0 0 0 0 1 0 0 0 0 0 0 0 0 0 0 0 1 0 0 0 0 0 0 0 0 0 0 0 1 0 0 0 0 0 0 0 0 0 0 0 ]
Last = [ 0 0 0 0 0 0 0 0 0 0 0 1 0 0 0 0 0 0 0 0 0 0 0 1 0 0 0 0 0 0 0 0 0 0 0 1 0 0 0 0 0 0 0 0 0 0 0 1 0 0 0 0 0 0 0 0 0 0 0 1 ]
nS = 1
S = [ 0 1 2 3 4 5 6 7 8 9 10 11 12 13 14 15 16 17 18 19 20 21 22 23 24 25 26 27 28 29 30 31 32 33 34 35 36 37 38 39 40 41 42 43 44 45 46 47 48 49 50 51 52 53 54 55 56 57 58 59 ]
