n = 60 ; 
T = 48 ; 
Init = [ 1 1 1 1 1 1 1 1 1 1 1 1 0 0 0 0 0 0 0 0 0 0 0 0 1 1 1 1 1 1 1 1 1 1 1 1 0 0 0 0 0 0 0 0 0 0 0 0 1 1 1 1 1 1 1 1 1 1 1 1 ]
L = [ 12 12 12 12 12 12 12 12 12 12 12 12 8 8 8 8 8 8 8 8 8 8 8 8 19 19 19 19 19 19 19 19 19 19 19 19 19 19 19 19 19 19 19 19 19 19 19 19 19 19 19 19 19 19 19 19 19 19 19 19 ]
l = [ 12 12 12 12 12 12 12 12 12 12 12 12 8 8 8 8 8 8 8 8 8 8 8 8 19 19 19 19 19 19 19 19 19 19 19 19 19 19 19 19 19 19 19 19 19 19 19 19 19 19 19 19 19 19 19 19 19 19 19 19 ]
Pmin = [ 70 70 70 70 70 70 70 70 70 70 70 70 38 38 38 38 38 38 38 38 38 38 38 38 100 100 100 100 100 100 100 100 100 100 100 100 100 100 100 100 100 100 100 100 100 100 100 100 100 100 100 100 100 100 100 100 100 100 100 100 ]
Pmax = [ 250 250 250 250 250 250 250 250 250 250 250 250 138 138 138 138 138 138 138 138 138 138 138 138 414 414 414 414 414 414 414 414 414 414 414 414 413 413 413 413 413 413 413 413 413 413 413 413 420 420 420 420 420 420 420 420 420 420 420 420 ]
cf = [ 27.1692 27.1692 27.1692 27.1692 27.1692 27.1692 27.1692 27.1692 27.1692 27.1692 27.1692 27.1692 32.7147 32.7147 32.7147 32.7147 32.7147 32.7147 32.7147 32.7147 32.7147 32.7147 32.7147 32.7147 28.8368 28.8368 28.8368 28.8368 28.8368 28.8368 28.8368 28.8368 28.8368 28.8368 28.8368 28.8368 8.9107 8.9107 8.9107 8.9107 8.9107 8.9107 8.9107 8.9107 8.9107 8.9107 8.9107 8.9107 52.7221 52.7221 52.7221 52.7221 52.7221 52.7221 52.7221 52.7221 52.7221 52.7221 52.7221 52.7221 ]
c0 = [ 198 198 198 198 198 198 198 198 198 198 198 198 106 106 106 106 106 106 106 106 106 106 106 106 250 250 250 250 250 250 250 250 250 250 250 250 250 250 250 250 250 250 250 250 250 250 250 250 250 250 250 250 250 250 250 250 250 250 250 250 ]
cp = [ 29.5039 29.5039 29.5039 29.5039 29.5039 29.5039 29.5039 29.5039 29.5039 29.5039 29.5039 29.5039 33.786 33.786 33.786 33.786 33.786 33.786 33.786 33.786 33.786 33.786 33.786 33.786 8.22239 8.22239 8.22239 8.22239 8.22239 8.22239 8.22239 8.22239 8.22239 8.22239 8.22239 8.22239 13.0485 13.0485 13.0485 13.0485 13.0485 13.0485 13.0485 13.0485 13.0485 13.0485 13.0485 13.0485 8.50968 8.50968 8.50968 8.50968 8.50968 8.50968 8.50968 8.50968 8.50968 8.50968 8.50968 8.50968 ]
D = [ 4444 5006 5026 6037 6040 6824 7163 7750 8363 9049 9893 9703 10506 11498 11433 12152 12407 13576 13469 14559 15176 15245 15875 16093 17210 15824 15405 14986 14240 13848 12453 11983 11627 10512 9742 11050 11593 12037 12621 14036 14641 13647 12449 10648 10121 8332 7510 5927 ]
K = 5
nk = [ 1 1 1 1 1 1 1 1 1 1 1 1 2 2 2 2 2 2 2 2 2 2 2 2 3 3 3 3 3 3 3 3 3 3 3 3 4 4 4 4 4 4 4 4 4 4 4 4 5 5 5 5 5 5 5 5 5 5 5 5 ]
First = [ 1 0 0 0 0 0 0 0 0 0 0 0 1 0 0 0 0 0 0 0 0 0 0 0 1 0 0 0 0 0 0 0 0 0 0 0 1 0 0 0 0 0 0 0 0 0 0 0 1 0 0 0 0 0 0 0 0 0 0 0 ]
Last = [ 0 0 0 0 0 0 0 0 0 0 0 1 0 0 0 0 0 0 0 0 0 0 0 1 0 0 0 0 0 0 0 0 0 0 0 1 0 0 0 0 0 0 0 0 0 0 0 1 0 0 0 0 0 0 0 0 0 0 0 1 ]
nS = 1
S = [ 0 1 2 3 4 5 6 7 8 9 10 11 12 13 14 15 16 17 18 19 20 21 22 23 24 25 26 27 28 29 30 31 32 33 34 35 36 37 38 39 40 41 42 43 44 45 46 47 48 49 50 51 52 53 54 55 56 57 58 59 ]
