n = 60 ; 
T = 48 ; 
Init = [ 0 0 0 0 0 0 0 0 0 0 0 0 1 1 1 1 1 1 1 1 1 1 1 1 0 0 0 0 0 0 0 0 0 0 0 0 1 1 1 1 1 1 1 1 1 1 1 1 1 1 1 1 1 1 1 1 1 1 1 1 ]
L = [ 9 9 9 9 9 9 9 9 9 9 9 9 18 18 18 18 18 18 18 18 18 18 18 18 12 12 12 12 12 12 12 12 12 12 12 12 6 6 6 6 6 6 6 6 6 6 6 6 19 19 19 19 19 19 19 19 19 19 19 19 ]
l = [ 9 9 9 9 9 9 9 9 9 9 9 9 18 18 18 18 18 18 18 18 18 18 18 18 12 12 12 12 12 12 12 12 12 12 12 12 6 6 6 6 6 6 6 6 6 6 6 6 19 19 19 19 19 19 19 19 19 19 19 19 ]
Pmin = [ 51 51 51 51 51 51 51 51 51 51 51 51 90 90 90 90 90 90 90 90 90 90 90 90 65 65 65 65 65 65 65 65 65 65 65 65 30 30 30 30 30 30 30 30 30 30 30 30 100 100 100 100 100 100 100 100 100 100 100 100 ]
Pmax = [ 171 171 171 171 171 171 171 171 171 171 171 171 375 375 375 375 375 375 375 375 375 375 375 375 232 232 232 232 232 232 232 232 232 232 232 232 85 85 85 85 85 85 85 85 85 85 85 85 420 420 420 420 420 420 420 420 420 420 420 420 ]
cf = [ 37.8435 37.8435 37.8435 37.8435 37.8435 37.8435 37.8435 37.8435 37.8435 37.8435 37.8435 37.8435 60.2063 60.2063 60.2063 60.2063 60.2063 60.2063 60.2063 60.2063 60.2063 60.2063 60.2063 60.2063 50.8841 50.8841 50.8841 50.8841 50.8841 50.8841 50.8841 50.8841 50.8841 50.8841 50.8841 50.8841 7.81491 7.81491 7.81491 7.81491 7.81491 7.81491 7.81491 7.81491 7.81491 7.81491 7.81491 7.81491 33.797 33.797 33.797 33.797 33.797 33.797 33.797 33.797 33.797 33.797 33.797 33.797 ]
c0 = [ 137 137 137 137 137 137 137 137 137 137 137 137 233 233 233 233 233 233 233 233 233 233 233 233 174 174 174 174 174 174 174 174 174 174 174 174 88 88 88 88 88 88 88 88 88 88 88 88 250 250 250 250 250 250 250 250 250 250 250 250 ]
cp = [ 33.1514 33.1514 33.1514 33.1514 33.1514 33.1514 33.1514 33.1514 33.1514 33.1514 33.1514 33.1514 10.7801 10.7801 10.7801 10.7801 10.7801 10.7801 10.7801 10.7801 10.7801 10.7801 10.7801 10.7801 26.1795 26.1795 26.1795 26.1795 26.1795 26.1795 26.1795 26.1795 26.1795 26.1795 26.1795 26.1795 39.0561 39.0561 39.0561 39.0561 39.0561 39.0561 39.0561 39.0561 39.0561 39.0561 39.0561 39.0561 11.264 11.264 11.264 11.264 11.264 11.264 11.264 11.264 11.264 11.264 11.264 11.264 ]
D = [ 3375 3422 4238 4549 4844 5512 5650 5804 6257 6928 7158 7694 8078 8417 9089 9140 9868 10062 10635 10826 11190 11802 11842 12801 13084 12133 11583 11096 11060 10228 9705 9279 8705 7978 7460 7932 8626 9614 9835 10577 11217 10395 9786 8922 8035 7078 5860 5297 ]
K = 5
nk = [ 1 1 1 1 1 1 1 1 1 1 1 1 2 2 2 2 2 2 2 2 2 2 2 2 3 3 3 3 3 3 3 3 3 3 3 3 4 4 4 4 4 4 4 4 4 4 4 4 5 5 5 5 5 5 5 5 5 5 5 5 ]
First = [ 1 0 0 0 0 0 0 0 0 0 0 0 1 0 0 0 0 0 0 0 0 0 0 0 1 0 0 0 0 0 0 0 0 0 0 0 1 0 0 0 0 0 0 0 0 0 0 0 1 0 0 0 0 0 0 0 0 0 0 0 ]
Last = [ 0 0 0 0 0 0 0 0 0 0 0 1 0 0 0 0 0 0 0 0 0 0 0 1 0 0 0 0 0 0 0 0 0 0 0 1 0 0 0 0 0 0 0 0 0 0 0 1 0 0 0 0 0 0 0 0 0 0 0 1 ]
nS = 1
S = [ 0 1 2 3 4 5 6 7 8 9 10 11 12 13 14 15 16 17 18 19 20 21 22 23 24 25 26 27 28 29 30 31 32 33 34 35 36 37 38 39 40 41 42 43 44 45 46 47 48 49 50 51 52 53 54 55 56 57 58 59 ]
