n = 60 ; 
T = 48 ; 
Init = [ 0 0 0 0 0 0 0 0 0 0 0 0 0 0 0 0 0 0 0 0 0 0 0 0 0 0 0 0 0 0 1 1 1 1 1 1 1 1 1 1 1 1 1 1 1 1 1 1 1 1 1 1 1 1 1 1 1 1 1 1 ]
L = [ 10 10 10 10 10 10 10 10 10 10 13 13 13 13 13 13 13 13 13 13 15 15 15 15 15 15 15 15 15 15 12 12 12 12 12 12 12 12 12 12 5 5 5 5 5 5 5 5 5 5 4 4 4 4 4 4 4 4 4 4 ]
l = [ 10 10 10 10 10 10 10 10 10 10 13 13 13 13 13 13 13 13 13 13 15 15 15 15 15 15 15 15 15 15 12 12 12 12 12 12 12 12 12 12 5 5 5 5 5 5 5 5 5 5 4 4 4 4 4 4 4 4 4 4 ]
Pmin = [ 52 52 52 52 52 52 52 52 52 52 66 66 66 66 66 66 66 66 66 66 76 76 76 76 76 76 76 76 76 76 59 59 59 59 59 59 59 59 59 59 25 25 25 25 25 25 25 25 25 25 18 18 18 18 18 18 18 18 18 18 ]
Pmax = [ 195 195 195 195 195 195 195 195 195 195 259 259 259 259 259 259 259 259 259 259 313 313 313 313 313 313 313 313 313 313 240 240 240 240 240 240 240 240 240 240 64 64 64 64 64 64 64 64 64 64 40 40 40 40 40 40 40 40 40 40 ]
cf = [ 63.082 63.082 63.082 63.082 63.082 63.082 63.082 63.082 63.082 63.082 60.5225 60.5225 60.5225 60.5225 60.5225 60.5225 60.5225 60.5225 60.5225 60.5225 35.1522 35.1522 35.1522 35.1522 35.1522 35.1522 35.1522 35.1522 35.1522 35.1522 36.3009 36.3009 36.3009 36.3009 36.3009 36.3009 36.3009 36.3009 36.3009 36.3009 7.49257 7.49257 7.49257 7.49257 7.49257 7.49257 7.49257 7.49257 7.49257 7.49257 43.5543 43.5543 43.5543 43.5543 43.5543 43.5543 43.5543 43.5543 43.5543 43.5543 ]
c0 = [ 145 145 145 145 145 145 145 145 145 145 171 171 171 171 171 171 171 171 171 171 196 196 196 196 196 196 196 196 196 196 162 162 162 162 162 162 162 162 162 162 81 81 81 81 81 81 81 81 81 81 66 66 66 66 66 66 66 66 66 66 ]
cp = [ 26.9613 26.9613 26.9613 26.9613 26.9613 26.9613 26.9613 26.9613 26.9613 26.9613 15.5458 15.5458 15.5458 15.5458 15.5458 15.5458 15.5458 15.5458 15.5458 15.5458 24.7848 24.7848 24.7848 24.7848 24.7848 24.7848 24.7848 24.7848 24.7848 24.7848 17.2347 17.2347 17.2347 17.2347 17.2347 17.2347 17.2347 17.2347 17.2347 17.2347 40.7674 40.7674 40.7674 40.7674 40.7674 40.7674 40.7674 40.7674 40.7674 40.7674 40.3407 40.3407 40.3407 40.3407 40.3407 40.3407 40.3407 40.3407 40.3407 40.3407 ]
D = [ 2491 2737 2811 3370 3671 3871 3845 4387 4689 4965 5345 5669 5675 6247 6306 6829 7097 7475 7521 7886 8277 8715 8969 8951 9337 8995 8559 8218 8151 7688 7070 7061 6547 6153 5962 6291 6638 7407 7538 8335 8640 8081 7243 6485 5758 5128 4151 3397 ]
K = 6
nk = [ 1 1 1 1 1 1 1 1 1 1 2 2 2 2 2 2 2 2 2 2 3 3 3 3 3 3 3 3 3 3 4 4 4 4 4 4 4 4 4 4 5 5 5 5 5 5 5 5 5 5 6 6 6 6 6 6 6 6 6 6 ]
First = [ 1 0 0 0 0 0 0 0 0 0 1 0 0 0 0 0 0 0 0 0 1 0 0 0 0 0 0 0 0 0 1 0 0 0 0 0 0 0 0 0 1 0 0 0 0 0 0 0 0 0 1 0 0 0 0 0 0 0 0 0 ]
Last = [ 0 0 0 0 0 0 0 0 0 1 0 0 0 0 0 0 0 0 0 1 0 0 0 0 0 0 0 0 0 1 0 0 0 0 0 0 0 0 0 1 0 0 0 0 0 0 0 0 0 1 0 0 0 0 0 0 0 0 0 1 ]
nS = 1
S = [ 0 1 2 3 4 5 6 7 8 9 10 11 12 13 14 15 16 17 18 19 20 21 22 23 24 25 26 27 28 29 30 31 32 33 34 35 36 37 38 39 40 41 42 43 44 45 46 47 48 49 50 51 52 53 54 55 56 57 58 59 ]
