n = 60 ; 
T = 48 ; 
Init = [ 1 1 1 1 1 1 1 1 1 1 0 0 0 0 0 0 0 0 0 0 1 1 1 1 1 1 1 1 1 1 1 1 1 1 1 1 1 1 1 1 1 1 1 1 1 1 1 1 1 1 0 0 0 0 0 0 0 0 0 0 ]
L = [ 17 17 17 17 17 17 17 17 17 17 19 19 19 19 19 19 19 19 19 19 14 14 14 14 14 14 14 14 14 14 13 13 13 13 13 13 13 13 13 13 7 7 7 7 7 7 7 7 7 7 17 17 17 17 17 17 17 17 17 17 ]
l = [ 17 17 17 17 17 17 17 17 17 17 19 19 19 19 19 19 19 19 19 19 14 14 14 14 14 14 14 14 14 14 13 13 13 13 13 13 13 13 13 13 7 7 7 7 7 7 7 7 7 7 17 17 17 17 17 17 17 17 17 17 ]
Pmin = [ 87 87 87 87 87 87 87 87 87 87 100 100 100 100 100 100 100 100 100 100 71 71 71 71 71 71 71 71 71 71 68 68 68 68 68 68 68 68 68 68 37 37 37 37 37 37 37 37 37 37 96 96 96 96 96 96 96 96 96 96 ]
Pmax = [ 354 354 354 354 354 354 354 354 354 354 420 420 420 420 420 420 420 420 420 420 283 283 283 283 283 283 283 283 283 283 246 246 246 246 246 246 246 246 246 246 106 106 106 106 106 106 106 106 106 106 375 375 375 375 375 375 375 375 375 375 ]
cf = [ 21.3202 21.3202 21.3202 21.3202 21.3202 21.3202 21.3202 21.3202 21.3202 21.3202 51.2317 51.2317 51.2317 51.2317 51.2317 51.2317 51.2317 51.2317 51.2317 51.2317 57.1663 57.1663 57.1663 57.1663 57.1663 57.1663 57.1663 57.1663 57.1663 57.1663 47.0107 47.0107 47.0107 47.0107 47.0107 47.0107 47.0107 47.0107 47.0107 47.0107 36.3102 36.3102 36.3102 36.3102 36.3102 36.3102 36.3102 36.3102 36.3102 36.3102 8.45414 8.45414 8.45414 8.45414 8.45414 8.45414 8.45414 8.45414 8.45414 8.45414 ]
c0 = [ 233 233 233 233 233 233 233 233 233 233 250 250 250 250 250 250 250 250 250 250 200 200 200 200 200 200 200 200 200 200 177 177 177 177 177 177 177 177 177 177 105 105 105 105 105 105 105 105 105 105 250 250 250 250 250 250 250 250 250 250 ]
cp = [ 16.4327 16.4327 16.4327 16.4327 16.4327 16.4327 16.4327 16.4327 16.4327 16.4327 10.2972 10.2972 10.2972 10.2972 10.2972 10.2972 10.2972 10.2972 10.2972 10.2972 24.7463 24.7463 24.7463 24.7463 24.7463 24.7463 24.7463 24.7463 24.7463 24.7463 21.1359 21.1359 21.1359 21.1359 21.1359 21.1359 21.1359 21.1359 21.1359 21.1359 40.5517 40.5517 40.5517 40.5517 40.5517 40.5517 40.5517 40.5517 40.5517 40.5517 14.5936 14.5936 14.5936 14.5936 14.5936 14.5936 14.5936 14.5936 14.5936 14.5936 ]
D = [ 4555 5346 5761 6048 6239 7206 7163 7615 7865 8785 8860 9727 9990 10418 11058 11240 11538 12253 12615 12642 13055 13677 13923 14748 15326 14143 13600 13342 12364 11926 10880 10524 9732 9383 8169 9305 10231 10710 11867 12611 12865 11755 11025 9913 8800 7564 6203 4956 ]
K = 6
nk = [ 1 1 1 1 1 1 1 1 1 1 2 2 2 2 2 2 2 2 2 2 3 3 3 3 3 3 3 3 3 3 4 4 4 4 4 4 4 4 4 4 5 5 5 5 5 5 5 5 5 5 6 6 6 6 6 6 6 6 6 6 ]
First = [ 1 0 0 0 0 0 0 0 0 0 1 0 0 0 0 0 0 0 0 0 1 0 0 0 0 0 0 0 0 0 1 0 0 0 0 0 0 0 0 0 1 0 0 0 0 0 0 0 0 0 1 0 0 0 0 0 0 0 0 0 ]
Last = [ 0 0 0 0 0 0 0 0 0 1 0 0 0 0 0 0 0 0 0 1 0 0 0 0 0 0 0 0 0 1 0 0 0 0 0 0 0 0 0 1 0 0 0 0 0 0 0 0 0 1 0 0 0 0 0 0 0 0 0 1 ]
nS = 1
S = [ 0 1 2 3 4 5 6 7 8 9 10 11 12 13 14 15 16 17 18 19 20 21 22 23 24 25 26 27 28 29 30 31 32 33 34 35 36 37 38 39 40 41 42 43 44 45 46 47 48 49 50 51 52 53 54 55 56 57 58 59 ]
