n = 60 ; 
T = 48 ; 
Init = [ 1 1 1 1 1 1 1 1 1 1 1 1 0 0 0 0 0 0 0 0 0 0 0 0 1 1 1 1 1 1 1 1 1 1 1 1 0 0 0 0 0 0 0 0 0 0 0 0 1 1 1 1 1 1 1 1 1 1 1 1 ]
L = [ 17 17 17 17 17 17 17 17 17 17 17 17 8 8 8 8 8 8 8 8 8 8 8 8 12 12 12 12 12 12 12 12 12 12 12 12 6 6 6 6 6 6 6 6 6 6 6 6 16 16 16 16 16 16 16 16 16 16 16 16 ]
l = [ 17 17 17 17 17 17 17 17 17 17 17 17 8 8 8 8 8 8 8 8 8 8 8 8 12 12 12 12 12 12 12 12 12 12 12 12 6 6 6 6 6 6 6 6 6 6 6 6 16 16 16 16 16 16 16 16 16 16 16 16 ]
Pmin = [ 86 86 86 86 86 86 86 86 86 86 86 86 43 43 43 43 43 43 43 43 43 43 43 43 65 65 65 65 65 65 65 65 65 65 65 65 35 35 35 35 35 35 35 35 35 35 35 35 91 91 91 91 91 91 91 91 91 91 91 91 ]
Pmax = [ 357 357 357 357 357 357 357 357 357 357 357 357 135 135 135 135 135 135 135 135 135 135 135 135 230 230 230 230 230 230 230 230 230 230 230 230 110 110 110 110 110 110 110 110 110 110 110 110 344 344 344 344 344 344 344 344 344 344 344 344 ]
cf = [ 9.49154 9.49154 9.49154 9.49154 9.49154 9.49154 9.49154 9.49154 9.49154 9.49154 9.49154 9.49154 69.8336 69.8336 69.8336 69.8336 69.8336 69.8336 69.8336 69.8336 69.8336 69.8336 69.8336 69.8336 24.3746 24.3746 24.3746 24.3746 24.3746 24.3746 24.3746 24.3746 24.3746 24.3746 24.3746 24.3746 24.4469 24.4469 24.4469 24.4469 24.4469 24.4469 24.4469 24.4469 24.4469 24.4469 24.4469 24.4469 62.6703 62.6703 62.6703 62.6703 62.6703 62.6703 62.6703 62.6703 62.6703 62.6703 62.6703 62.6703 ]
c0 = [ 223 223 223 223 223 223 223 223 223 223 223 223 127 127 127 127 127 127 127 127 127 127 127 127 179 179 179 179 179 179 179 179 179 179 179 179 98 98 98 98 98 98 98 98 98 98 98 98 233 233 233 233 233 233 233 233 233 233 233 233 ]
cp = [ 23.2733 23.2733 23.2733 23.2733 23.2733 23.2733 23.2733 23.2733 23.2733 23.2733 23.2733 23.2733 29.1428 29.1428 29.1428 29.1428 29.1428 29.1428 29.1428 29.1428 29.1428 29.1428 29.1428 29.1428 28.3339 28.3339 28.3339 28.3339 28.3339 28.3339 28.3339 28.3339 28.3339 28.3339 28.3339 28.3339 38.7342 38.7342 38.7342 38.7342 38.7342 38.7342 38.7342 38.7342 38.7342 38.7342 38.7342 38.7342 16.3269 16.3269 16.3269 16.3269 16.3269 16.3269 16.3269 16.3269 16.3269 16.3269 16.3269 16.3269 ]
D = [ 2793 2958 3713 3977 4505 4472 5077 5152 5894 5819 6685 6714 7337 7630 7641 8077 8494 8740 9566 9369 10086 10517 10697 11110 11664 10792 10618 10169 9454 9395 9112 8412 8159 7709 6914 7805 8502 8928 9536 10052 10609 9820 8667 8148 7294 6358 5917 5121 ]
K = 5
nk = [ 1 1 1 1 1 1 1 1 1 1 1 1 2 2 2 2 2 2 2 2 2 2 2 2 3 3 3 3 3 3 3 3 3 3 3 3 4 4 4 4 4 4 4 4 4 4 4 4 5 5 5 5 5 5 5 5 5 5 5 5 ]
First = [ 1 0 0 0 0 0 0 0 0 0 0 0 1 0 0 0 0 0 0 0 0 0 0 0 1 0 0 0 0 0 0 0 0 0 0 0 1 0 0 0 0 0 0 0 0 0 0 0 1 0 0 0 0 0 0 0 0 0 0 0 ]
Last = [ 0 0 0 0 0 0 0 0 0 0 0 1 0 0 0 0 0 0 0 0 0 0 0 1 0 0 0 0 0 0 0 0 0 0 0 1 0 0 0 0 0 0 0 0 0 0 0 1 0 0 0 0 0 0 0 0 0 0 0 1 ]
nS = 1
S = [ 0 1 2 3 4 5 6 7 8 9 10 11 12 13 14 15 16 17 18 19 20 21 22 23 24 25 26 27 28 29 30 31 32 33 34 35 36 37 38 39 40 41 42 43 44 45 46 47 48 49 50 51 52 53 54 55 56 57 58 59 ]
