n = 60 ; 
T = 48 ; 
Init = [ 0 0 0 0 0 0 0 0 0 0 0 0 0 0 0 0 0 0 0 0 0 0 0 0 0 0 0 0 0 0 0 0 0 0 0 0 0 0 0 0 0 0 0 0 0 0 0 0 0 0 0 0 0 0 0 0 0 0 0 0 ]
L = [ 16 16 16 16 16 16 16 16 16 16 16 16 16 16 16 16 16 16 16 16 7 7 7 7 7 7 7 7 7 7 7 7 7 7 7 7 7 7 7 7 16 16 16 16 16 16 16 16 16 16 16 16 16 16 16 16 16 16 16 16 ]
l = [ 16 16 16 16 16 16 16 16 16 16 16 16 16 16 16 16 16 16 16 16 7 7 7 7 7 7 7 7 7 7 7 7 7 7 7 7 7 7 7 7 16 16 16 16 16 16 16 16 16 16 16 16 16 16 16 16 16 16 16 16 ]
Pmin = [ 83 83 83 83 83 83 83 83 83 83 83 83 83 83 83 83 83 83 83 83 33 33 33 33 33 33 33 33 33 33 33 33 33 33 33 33 33 33 33 33 83 83 83 83 83 83 83 83 83 83 83 83 83 83 83 83 83 83 83 83 ]
Pmax = [ 339 339 339 339 339 339 339 339 339 339 339 339 339 339 339 339 339 339 339 339 90 90 90 90 90 90 90 90 90 90 90 90 90 90 90 90 90 90 90 90 331 331 331 331 331 331 331 331 331 331 331 331 331 331 331 331 331 331 331 331 ]
cf = [ 68.6162 68.6162 68.6162 68.6162 68.6162 68.6162 68.6162 68.6162 68.6162 68.6162 68.6162 68.6162 68.6162 68.6162 68.6162 68.6162 68.6162 68.6162 68.6162 68.6162 9.15637 9.15637 9.15637 9.15637 9.15637 9.15637 9.15637 9.15637 9.15637 9.15637 9.15637 9.15637 9.15637 9.15637 9.15637 9.15637 9.15637 9.15637 9.15637 9.15637 43.9868 43.9868 43.9868 43.9868 43.9868 43.9868 43.9868 43.9868 43.9868 43.9868 43.9868 43.9868 43.9868 43.9868 43.9868 43.9868 43.9868 43.9868 43.9868 43.9868 ]
c0 = [ 220 220 220 220 220 220 220 220 220 220 220 220 220 220 220 220 220 220 220 220 93 93 93 93 93 93 93 93 93 93 93 93 93 93 93 93 93 93 93 93 212 212 212 212 212 212 212 212 212 212 212 212 212 212 212 212 212 212 212 212 ]
cp = [ 16.3024 16.3024 16.3024 16.3024 16.3024 16.3024 16.3024 16.3024 16.3024 16.3024 16.3024 16.3024 16.3024 16.3024 16.3024 16.3024 16.3024 16.3024 16.3024 16.3024 35.0129 35.0129 35.0129 35.0129 35.0129 35.0129 35.0129 35.0129 35.0129 35.0129 35.0129 35.0129 35.0129 35.0129 35.0129 35.0129 35.0129 35.0129 35.0129 35.0129 21.1785 21.1785 21.1785 21.1785 21.1785 21.1785 21.1785 21.1785 21.1785 21.1785 21.1785 21.1785 21.1785 21.1785 21.1785 21.1785 21.1785 21.1785 21.1785 21.1785 ]
D = [ 4138 4633 4965 5476 5669 6373 6170 6633 7094 7498 7471 8309 8324 8486 8847 9414 9977 10278 10383 10701 11100 11631 11741 11857 12207 12150 11825 11400 10514 9994 9510 9219 8856 8366 8247 8669 8864 9133 9680 10606 10940 9775 9246 8519 7178 6672 5565 4448 ]
K = 3
nk = [ 1 1 1 1 1 1 1 1 1 1 1 1 1 1 1 1 1 1 1 1 2 2 2 2 2 2 2 2 2 2 2 2 2 2 2 2 2 2 2 2 3 3 3 3 3 3 3 3 3 3 3 3 3 3 3 3 3 3 3 3 ]
First = [ 1 0 0 0 0 0 0 0 0 0 0 0 0 0 0 0 0 0 0 0 1 0 0 0 0 0 0 0 0 0 0 0 0 0 0 0 0 0 0 0 1 0 0 0 0 0 0 0 0 0 0 0 0 0 0 0 0 0 0 0 ]
Last = [ 0 0 0 0 0 0 0 0 0 0 0 0 0 0 0 0 0 0 0 1 0 0 0 0 0 0 0 0 0 0 0 0 0 0 0 0 0 0 0 1 0 0 0 0 0 0 0 0 0 0 0 0 0 0 0 0 0 0 0 1 ]
nS = 1
S = [ 0 1 2 3 4 5 6 7 8 9 10 11 12 13 14 15 16 17 18 19 20 21 22 23 24 25 26 27 28 29 30 31 32 33 34 35 36 37 38 39 40 41 42 43 44 45 46 47 48 49 50 51 52 53 54 55 56 57 58 59 ]
