n = 10 ; 
T = 96 ; 
Init = [ 0 0 0 1 0 1 0 1 1 0 ]
L = [ 17 18 19 14 6 14 13 19 7 16 ]
l = [ 17 18 19 14 6 14 13 19 7 16 ]
Pmin = [ 393 394 420 274 73 311 257 420 109 351 ]
Pmax = [ 393 394 420 274 73 311 257 420 109 351 ]
cf = [ 8.10697 21.3979 51.3496 54.8608 38.9997 56.5889 49.4768 55.0711 21.3912 66.2792 ]
c0 = [ 250 250 250 175 66 226 189 250 100 235 ]
cp = [ 14.8697 14.2272 9.45248 30.8268 31.8985 15.5118 32.3127 8.41108 34.086 23.265 ]
D = [ 278 377 527 572 699 693 805 863 1006 1061 1129 1252 1364 1387 1528 1600 1640 1699 1820 1866 2002 2049 2186 2228 2323 2249 2141 2011 1939 1797 1716 1648 1521 1403 1296 1389 1461 1559 1626 1757 1827 1668 1524 1411 1295 1105 980 924 766 764 853 937 1030 1086 1197 1246 1320 1359 1379 1537 1568 1604 1652 1807 1833 1935 1978 2083 2071 2134 2257 2291 2363 2284 2164 2106 1964 1814 1766 1614 1498 1469 1333 1467 1548 1681 1795 1881 1984 1848 1614 1478 1309 1056 902 691 ]
