n = 10 ; 
T = 96 ; 
Init = [ 1 0 0 1 1 0 0 0 1 0 ]
L = [ 20 16 15 8 14 6 12 7 17 18 ]
l = [ 20 16 15 8 14 6 12 7 17 18 ]
Pmin = [ 420 317 324 137 313 86 240 118 378 402 ]
Pmax = [ 420 317 324 137 313 86 240 118 378 402 ]
cf = [ 41.1523 8.86025 20.1263 7.86695 52.555 12.9981 14.5845 7.26948 35.6648 13.0323 ]
c0 = [ 250 206 206 116 217 92 172 107 239 250 ]
cp = [ 8.0514 16.1399 12.3972 32.7418 23.4609 33.1646 29.4107 27.6124 15.5926 13.8226 ]
D = [ 402 463 563 658 699 778 839 881 1023 1039 1171 1216 1284 1365 1478 1513 1545 1702 1754 1768 1899 1985 2002 2121 2156 2060 1973 1839 1775 1669 1542 1530 1411 1309 1225 1281 1391 1502 1618 1703 1848 1651 1522 1381 1192 1008 829 691 458 509 609 683 745 808 916 970 1005 1107 1140 1171 1287 1360 1392 1418 1498 1599 1662 1714 1763 1855 1888 2016 2006 1914 1862 1756 1636 1617 1492 1379 1346 1255 1151 1201 1287 1406 1445 1593 1656 1550 1364 1272 1173 1048 917 833 ]
