n = 10 ; 
T = 96 ; 
Init = [ 0 1 0 1 1 0 1 0 0 1 ]
L = [ 14 15 5 10 15 14 12 9 12 8 ]
l = [ 14 15 5 10 15 14 12 9 12 8 ]
Pmin = [ 317 339 41 189 287 302 214 166 237 161 ]
Pmax = [ 317 339 41 189 287 302 214 166 237 161 ]
cf = [ 59.6731 13.4467 31.1244 7.38113 63.1965 34.5415 57.8857 7.09779 48.8541 29.4717 ]
c0 = [ 206 221 62 142 199 198 152 133 157 134 ]
cp = [ 17.7468 14.4759 40.899 33.6203 13.4076 31.8273 29.3886 29.0916 24.035 25.9991 ]
D = [ 343 371 479 475 548 613 639 736 745 847 913 942 956 1035 1118 1165 1186 1289 1282 1350 1445 1479 1499 1608 1617 1564 1501 1421 1328 1293 1247 1159 1096 1027 957 994 1093 1152 1308 1362 1467 1357 1185 1126 964 897 754 635 538 548 594 639 734 772 796 851 914 998 986 1051 1138 1153 1232 1291 1300 1347 1427 1441 1507 1566 1609 1647 1677 1669 1524 1493 1419 1334 1269 1171 1122 1054 951 1010 1067 1155 1218 1289 1335 1247 1167 1006 960 833 682 596 ]
