n = 10 ; 
T = 96 ; 
Init = [ 0 0 0 1 1 0 0 0 0 0 ]
L = [ 10 20 18 12 9 14 18 4 18 18 ]
l = [ 10 20 18 12 9 14 18 4 18 18 ]
Pmin = [ 201 417 382 224 162 300 388 54 396 392 ]
Pmax = [ 201 417 382 224 162 300 388 54 396 392 ]
cf = [ 9.13838 27.6094 49.1528 48.103 37.2047 61.8234 24.7884 69.4153 34.5522 58.8553 ]
c0 = [ 151 250 250 164 133 189 250 71 250 250 ]
cp = [ 30.0549 9.57041 13.7408 33.0979 24.9811 17.3874 13.6443 41.3764 10.5778 15.572 ]
D = [ 478 537 635 680 772 792 929 978 1088 1157 1161 1233 1398 1409 1518 1576 1636 1775 1767 1925 1946 1977 2077 2169 2245 2103 2017 1942 1802 1750 1634 1554 1388 1294 1185 1338 1390 1444 1572 1660 1809 1616 1451 1341 1185 955 828 657 530 654 726 754 797 900 992 989 1081 1200 1235 1339 1354 1446 1507 1580 1704 1757 1784 1869 2010 2081 2064 2130 2227 2122 2004 1974 1836 1753 1623 1577 1447 1318 1229 1375 1483 1520 1692 1721 1905 1669 1558 1414 1200 1078 836 675 ]
