n = 10 ; 
T = 96 ; 
Init = [ 0 0 1 1 0 1 0 1 1 1 ]
L = [ 17 17 14 17 20 17 20 9 4 6 ]
l = [ 17 17 14 17 20 17 20 9 4 6 ]
Pmin = [ 369 349 300 387 420 372 420 173 37 112 ]
Pmax = [ 369 349 300 387 420 372 420 173 37 112 ]
cf = [ 41.6549 25.6554 51.2116 37.5745 15.5377 18.634 18.489 46.141 52.8726 35.4327 ]
c0 = [ 229 232 210 250 250 247 250 134 73 97 ]
cp = [ 14.9816 24.267 19.9354 11.6911 8.37376 24.5554 9.37781 25.7027 41.164 38.4755 ]
D = [ 355 447 559 605 669 726 846 893 1008 1063 1092 1205 1247 1381 1380 1502 1559 1633 1696 1831 1870 1938 1972 2056 2134 2082 2011 1867 1868 1766 1630 1540 1455 1356 1338 1410 1460 1554 1599 1690 1764 1632 1529 1338 1165 1086 943 753 595 711 773 859 888 992 1063 1076 1129 1295 1308 1347 1480 1482 1590 1634 1700 1816 1852 1937 1999 2095 2157 2291 2294 2234 2056 1972 1833 1792 1695 1537 1441 1336 1191 1282 1438 1523 1656 1794 1872 1766 1589 1447 1271 1031 962 782 ]
