n = 10 ; 
T = 96 ; 
Init = [ 1 0 1 0 1 1 1 0 1 1 ]
L = [ 19 10 16 11 13 19 15 6 6 6 ]
l = [ 19 10 16 11 13 19 15 6 6 6 ]
Pmin = [ 420 165 356 204 260 405 319 90 111 105 ]
Pmax = [ 420 165 356 204 260 405 319 90 111 105 ]
cf = [ 15.378 7.4424 68.9488 9.27724 22.4562 17.3133 35.8744 8.69667 42.8966 21.6942 ]
c0 = [ 250 126 242 151 179 250 212 82 108 101 ]
cp = [ 9.17369 35.1891 10.6663 26.283 20.4239 11.7442 23.9928 31.4929 38.4397 38.2787 ]
D = [ 376 438 461 571 581 647 742 760 814 891 943 1018 1076 1137 1157 1239 1318 1328 1409 1491 1519 1592 1618 1691 1728 1675 1587 1526 1438 1371 1257 1248 1106 1038 1002 1057 1162 1247 1344 1446 1470 1359 1275 1176 1070 950 796 711 618 606 722 743 799 849 858 923 1015 1091 1091 1191 1225 1273 1310 1342 1399 1450 1500 1562 1646 1713 1704 1784 1813 1786 1685 1570 1519 1419 1388 1283 1200 1150 1014 1175 1201 1261 1355 1421 1504 1417 1324 1181 1009 901 818 651 ]
