n = 10 ; 
T = 96 ; 
Init = [ 1 1 1 1 0 0 1 1 0 1 ]
L = [ 18 15 18 7 19 15 8 16 16 16 ]
l = [ 18 15 18 7 19 15 8 16 16 16 ]
Pmin = [ 370 329 384 122 420 345 152 356 365 354 ]
Pmax = [ 370 329 384 122 420 345 152 356 365 354 ]
cf = [ 55.6629 35.992 15.7686 10.0464 15.7653 15.6826 9.61243 62.2897 56.0524 65.6966 ]
c0 = [ 250 224 250 112 250 229 124 237 246 234 ]
cp = [ 13.4422 18.9418 8.74117 36.2732 15.901 15.3932 33.5124 15.9329 16.9115 15.6284 ]
D = [ 510 527 682 711 874 864 1005 1046 1193 1185 1340 1354 1506 1523 1636 1696 1856 1934 1959 2109 2086 2222 2250 2431 2445 2412 2275 2195 2061 1889 1812 1707 1581 1465 1419 1476 1594 1710 1837 1909 2046 1861 1704 1526 1388 1261 1061 889 724 824 900 939 1009 1111 1233 1237 1368 1381 1475 1596 1669 1712 1731 1811 1983 1966 2074 2113 2214 2308 2372 2398 2567 2439 2314 2206 2136 1938 1901 1723 1663 1517 1416 1558 1647 1690 1762 1908 2002 1823 1636 1459 1360 1118 947 836 ]
