n = 10 ; 
T = 96 ; 
Init = [ 0 0 1 1 1 0 1 1 0 0 ]
L = [ 7 13 19 6 20 4 18 6 17 12 ]
l = [ 7 13 19 6 20 4 18 6 17 12 ]
Pmin = [ 108 270 420 92 420 62 416 82 382 254 ]
Pmax = [ 108 270 420 92 420 62 416 82 382 254 ]
cf = [ 47.8886 68.1479 9.45627 16.9141 41.7396 38.1974 69.4082 39.0262 45.2826 59.9019 ]
c0 = [ 98 194 250 99 250 77 250 90 247 185 ]
cp = [ 33.3675 27.6324 9.21902 36.1104 8.40539 41.3938 14.2421 37.1369 8.5227 30.2066 ]
D = [ 253 288 392 419 525 573 623 695 770 815 862 965 1007 1114 1200 1242 1285 1399 1446 1499 1563 1605 1700 1806 1857 1741 1638 1575 1536 1424 1329 1283 1224 1082 1079 1156 1260 1337 1419 1531 1669 1487 1389 1257 1114 953 795 629 486 521 584 677 689 768 818 881 944 1027 1027 1111 1187 1246 1249 1301 1340 1437 1443 1527 1587 1604 1689 1731 1817 1747 1685 1603 1497 1377 1320 1288 1150 1100 1025 1096 1156 1244 1408 1476 1593 1409 1299 1227 1048 970 812 701 ]
