n = 10 ; 
T = 96 ; 
Init = [ 0 1 1 1 0 1 0 1 1 1 ]
L = [ 17 15 9 5 20 20 7 14 12 6 ]
l = [ 17 15 9 5 20 20 7 14 12 6 ]
Pmin = [ 365 323 186 53 420 420 121 313 228 92 ]
Pmax = [ 365 323 186 53 420 420 121 313 228 92 ]
cf = [ 26.5122 68.7126 42.6468 13.7281 20.3391 57.9632 48.841 45.5237 52.0123 67.8885 ]
c0 = [ 250 219 162 77 250 250 118 212 168 105 ]
cp = [ 11.4319 28.2826 31.0612 40.3486 8.03554 8.78763 29.125 27.2114 26.2573 37.2678 ]
D = [ 210 317 320 439 504 567 626 642 754 780 903 982 1015 1059 1108 1208 1281 1302 1367 1485 1515 1631 1653 1762 1802 1704 1597 1597 1445 1369 1289 1241 1207 1065 987 1106 1200 1270 1339 1396 1510 1360 1238 1127 1040 902 825 662 559 645 684 767 823 855 947 1003 1032 1068 1167 1215 1250 1307 1370 1483 1532 1575 1640 1656 1776 1762 1891 1906 1931 1855 1815 1638 1568 1511 1424 1315 1202 1095 1010 1105 1183 1342 1435 1567 1704 1485 1338 1184 1047 905 721 574 ]
