n = 10 ; 
T = 96 ; 
Init = [ 1 0 1 0 1 1 1 1 0 0 ]
L = [ 16 14 20 13 8 5 10 16 10 5 ]
l = [ 16 14 20 13 8 5 10 16 10 5 ]
Pmin = [ 356 273 420 258 133 81 183 350 184 86 ]
Pmax = [ 356 273 420 258 133 81 183 350 184 86 ]
cf = [ 50.8143 61.543 35.1333 60.4882 38.4637 10.3291 50.2832 9.78218 45.5005 68.8536 ]
c0 = [ 239 181 250 183 130 70 145 239 126 84 ]
cp = [ 13.8565 21.9253 8.92698 29.759 36.0894 41.2327 31.4387 23.4694 38.9986 38.7494 ]
D = [ 346 418 494 536 586 639 713 755 797 882 917 980 1046 1079 1168 1223 1224 1325 1348 1456 1455 1520 1600 1626 1734 1636 1526 1482 1379 1337 1229 1182 1080 1068 931 1053 1115 1226 1259 1382 1447 1334 1188 1063 928 815 689 575 500 513 584 615 667 692 770 777 844 948 928 980 1021 1120 1153 1225 1277 1278 1334 1394 1446 1497 1542 1601 1647 1581 1499 1389 1382 1295 1232 1156 1109 994 901 1015 1111 1204 1278 1393 1466 1329 1227 1074 911 796 667 508 ]
