n = 10 ; 
T = 96 ; 
Init = [ 1 1 0 1 1 1 0 1 0 1 ]
L = [ 18 17 9 5 9 12 9 14 10 6 ]
l = [ 18 17 9 5 9 12 9 14 10 6 ]
Pmin = [ 398 346 193 49 157 269 153 290 199 87 ]
Pmax = [ 398 346 193 49 157 269 153 290 199 87 ]
cf = [ 66.4304 8.94686 15.8089 60.4333 33.0288 44.4644 56.6632 42.5078 18.3311 35.6164 ]
c0 = [ 250 239 150 51 109 186 140 199 150 84 ]
cp = [ 9.62478 11.2786 29.6094 38.5213 31.7583 20.6168 20.3566 21.0231 18.719 34.0096 ]
D = [ 310 353 409 520 573 625 676 709 731 843 878 935 992 1057 1108 1155 1216 1272 1327 1367 1393 1461 1515 1595 1635 1575 1482 1405 1279 1231 1114 1058 999 884 816 906 940 1021 1090 1162 1231 1168 1061 950 828 717 599 485 384 436 480 533 570 617 693 763 772 872 891 934 976 1015 1089 1139 1175 1250 1297 1381 1389 1436 1508 1586 1626 1567 1450 1356 1280 1207 1189 1095 1022 927 834 978 1038 1130 1222 1309 1380 1231 1100 1022 860 753 604 496 ]
