n = 10 ; 
T = 96 ; 
Init = [ 0 0 0 0 0 0 0 1 0 1 ]
L = [ 19 10 20 11 12 10 8 5 8 20 ]
l = [ 19 10 20 11 12 10 8 5 8 20 ]
Pmin = [ 390 211 420 232 224 181 119 59 131 420 ]
Pmax = [ 390 211 420 232 224 181 119 59 131 420 ]
cf = [ 21.2232 9.50106 39.3065 33.0234 57.3461 60.7157 67.0863 8.30719 8.43799 67.0873 ]
c0 = [ 250 166 250 171 167 140 123 70 127 250 ]
cp = [ 11.7278 26.541 8.20732 27.3537 16.8836 30.2779 37.7525 37.6728 39.0808 8.564 ]
D = [ 238 300 405 440 542 580 614 695 772 830 850 959 1010 1086 1137 1178 1210 1325 1403 1428 1495 1577 1610 1682 1764 1651 1611 1471 1397 1324 1234 1183 1110 1064 985 1054 1165 1239 1327 1453 1601 1418 1282 1189 1020 951 759 639 503 600 642 677 733 792 830 892 941 1005 994 1074 1138 1173 1183 1298 1319 1352 1435 1480 1505 1545 1628 1634 1688 1589 1595 1489 1439 1327 1273 1245 1182 1122 1002 1094 1192 1287 1393 1413 1525 1364 1287 1129 1033 919 749 626 ]
