n = 10 ; 
T = 96 ; 
Init = [ 0 1 0 1 1 0 1 0 1 0 ]
L = [ 10 4 16 5 14 6 13 11 7 13 ]
l = [ 10 4 16 5 14 6 13 11 7 13 ]
Pmin = [ 206 55 318 68 282 101 279 224 112 270 ]
Pmax = [ 206 55 318 68 282 101 279 224 112 270 ]
cf = [ 58.2339 44.6408 48.3883 7.7589 8.91323 8.84577 56.9153 53.7662 62.5146 19.2031 ]
c0 = [ 155 78 219 93 194 87 194 147 123 188 ]
cp = [ 20.471 41.074 16.7729 39.5084 25.5124 39.5419 20.5234 31.8603 32.3778 26.3489 ]
D = [ 246 299 331 411 449 476 515 569 626 667 732 807 876 886 959 970 1028 1087 1165 1182 1242 1321 1386 1379 1466 1372 1330 1254 1180 1114 1085 1035 971 859 838 884 936 1026 1076 1134 1150 1067 1002 888 829 722 632 579 502 548 551 577 644 699 714 780 806 835 901 944 1016 1004 1039 1141 1183 1217 1211 1257 1313 1345 1418 1454 1483 1419 1335 1281 1216 1193 1127 1011 992 887 818 889 991 1026 1121 1143 1229 1123 1049 940 844 763 651 554 ]
