n = 10 ; 
T = 96 ; 
Init = [ 0 0 1 0 0 1 0 0 1 0 ]
L = [ 5 10 15 12 18 6 10 17 7 4 ]
l = [ 5 10 15 12 18 6 10 17 7 4 ]
Pmin = [ 39 195 304 250 374 79 173 355 132 32 ]
Pmax = [ 39 195 304 250 374 79 173 355 132 32 ]
cf = [ 40.7664 9.74467 22.0646 41.1306 9.01417 34.3405 68.2504 17.5746 68.0457 54.1476 ]
c0 = [ 51 149 204 174 250 96 156 250 127 60 ]
cp = [ 40.7603 30.3897 26.7726 32.1057 12.9089 38.8689 35.9515 18.9164 40.4168 40.1595 ]
D = [ 195 262 343 396 397 474 518 544 655 659 756 800 811 908 949 991 1033 1106 1160 1221 1262 1279 1374 1427 1431 1398 1315 1244 1207 1115 1057 1033 956 866 844 910 979 1018 1122 1188 1243 1160 1050 958 859 738 637 528 426 523 545 597 610 685 701 745 763 817 846 899 992 1018 1069 1070 1129 1176 1223 1237 1272 1327 1402 1415 1468 1417 1316 1254 1203 1092 1057 987 867 812 753 806 862 916 1035 1067 1132 1068 939 823 743 623 529 403 ]
