n = 10 ; 
T = 96 ; 
Init = [ 1 1 0 1 1 1 0 0 1 0 ]
L = [ 14 15 4 20 11 11 16 13 18 9 ]
l = [ 14 15 4 20 11 11 16 13 18 9 ]
Pmin = [ 301 328 57 420 232 199 355 240 367 137 ]
Pmax = [ 301 328 57 420 232 199 355 240 367 137 ]
cf = [ 52.6443 56.2424 15.3488 38.7355 37.5239 68.1706 57.244 33.558 8.32991 66.4119 ]
c0 = [ 207 222 83 250 171 145 243 185 250 105 ]
cp = [ 30.7816 20.103 39.5279 9.06281 28.9234 27.3004 17.6588 31.8277 14.2812 33.9215 ]
D = [ 320 412 484 516 603 715 783 789 881 942 996 1052 1178 1263 1333 1404 1446 1520 1534 1609 1682 1827 1887 1927 1948 1930 1771 1710 1592 1544 1413 1353 1240 1201 1104 1201 1309 1403 1525 1568 1742 1595 1371 1260 1129 905 796 638 486 547 627 668 748 858 869 992 972 1103 1114 1234 1268 1363 1399 1513 1540 1605 1702 1733 1814 1863 1914 2013 2103 1988 1859 1775 1660 1556 1535 1411 1303 1209 1148 1243 1292 1365 1517 1569 1707 1486 1362 1237 1135 981 816 675 ]
