n = 10 ; 
T = 96 ; 
Init = [ 1 0 1 1 0 1 0 0 1 1 ]
L = [ 15 18 13 8 19 9 13 11 18 7 ]
l = [ 15 18 13 8 19 9 13 11 18 7 ]
Pmin = [ 315 365 254 134 420 190 241 190 403 105 ]
Pmax = [ 315 365 254 134 420 190 241 190 403 105 ]
cf = [ 14.4173 27.2959 37.8247 19.0256 48.0916 31.1758 9.72933 50.1891 35.5914 54.7715 ]
c0 = [ 226 237 179 125 250 132 168 147 250 101 ]
cp = [ 9.32767 12.93 23.3758 29.2145 14.8776 26.7568 22.4784 17.6194 9.91633 35.8877 ]
D = [ 244 278 429 448 550 634 660 787 870 888 1000 1123 1163 1258 1330 1424 1498 1499 1608 1655 1785 1871 1888 1986 2051 2005 1868 1758 1652 1556 1420 1390 1252 1190 1015 1197 1261 1330 1474 1546 1644 1578 1363 1268 1133 1001 836 699 575 646 627 747 783 845 872 1002 1029 1130 1136 1203 1231 1314 1430 1422 1546 1542 1616 1727 1738 1859 1889 1910 2007 1884 1770 1720 1572 1534 1415 1358 1243 1132 1046 1116 1304 1396 1447 1602 1733 1564 1472 1317 1171 1046 910 739 ]
