n = 10 ; 
T = 96 ; 
Init = [ 1 0 1 0 1 0 1 0 1 1 ]
L = [ 16 20 5 18 13 13 4 8 17 12 ]
l = [ 16 20 5 18 13 13 4 8 17 12 ]
Pmin = [ 336 420 59 382 245 261 51 158 342 224 ]
Pmax = [ 336 420 59 382 245 261 51 158 342 224 ]
cf = [ 49.6516 20.5044 69.1768 57.9215 40.3602 25.6376 15.4382 16.4182 9.81592 26.9033 ]
c0 = [ 236 250 78 250 181 188 71 134 228 162 ]
cp = [ 9.91127 8.17708 40.6501 11.8118 22.306 17.3974 40.1957 35.2077 17.073 28.7738 ]
D = [ 267 386 398 502 577 644 691 717 776 842 971 1039 1064 1139 1227 1273 1304 1354 1463 1479 1588 1678 1681 1791 1873 1754 1653 1594 1476 1446 1382 1237 1181 1147 1042 1075 1204 1242 1319 1444 1484 1424 1267 1148 1017 885 748 666 562 601 647 676 694 762 834 903 904 994 1005 1052 1117 1163 1260 1283 1327 1386 1453 1478 1586 1574 1675 1692 1749 1689 1644 1531 1465 1443 1389 1256 1222 1162 1088 1177 1291 1313 1419 1482 1624 1473 1315 1253 1097 983 811 729 ]
