n = 10 ; 
T = 96 ; 
Init = [ 0 0 0 1 0 1 1 1 1 0 ]
L = [ 15 17 5 19 17 18 11 4 9 20 ]
l = [ 15 17 5 19 17 18 11 4 9 20 ]
Pmin = [ 341 351 66 420 389 407 202 41 176 420 ]
Pmax = [ 341 351 66 420 389 407 202 41 176 420 ]
cf = [ 69.3938 21.7415 21.1229 39.0362 18.9661 15.4941 15.8314 43.2845 29.7528 11.9949 ]
c0 = [ 216 234 92 250 241 250 145 70 122 250 ]
cp = [ 16.0111 9.47753 40.1704 11.0402 13.1288 10.3202 32.2804 40.3383 36.0501 8.13175 ]
D = [ 292 298 452 534 549 622 707 830 953 987 1093 1145 1197 1281 1418 1521 1529 1690 1696 1826 1861 1958 2089 2165 2241 2159 2045 1893 1827 1722 1665 1516 1431 1349 1200 1356 1479 1545 1645 1809 1921 1685 1554 1372 1232 1156 994 778 648 717 799 822 879 1008 1067 1123 1202 1215 1288 1389 1451 1473 1585 1602 1710 1778 1796 1915 2005 1993 2125 2195 2270 2175 2044 1965 1854 1733 1677 1503 1481 1346 1225 1367 1370 1509 1546 1658 1650 1585 1434 1314 1207 1006 933 772 ]
