n = 10 ; 
T = 96 ; 
Init = [ 1 0 0 1 1 0 0 0 0 1 ]
L = [ 19 14 7 15 11 4 11 10 19 8 ]
l = [ 19 14 7 15 11 4 11 10 19 8 ]
Pmin = [ 420 298 106 329 222 46 210 214 418 163 ]
Pmax = [ 420 298 106 329 222 46 210 214 418 163 ]
cf = [ 14.4498 23.7563 54.5156 47.8142 7.7847 37.4301 15.4775 21.8333 37.1178 48.7349 ]
c0 = [ 250 215 101 208 161 56 167 164 250 116 ]
cp = [ 8.30621 17.1126 32.7815 18.1491 33.555 40.8595 33.0952 24.3251 9.71983 36.2033 ]
D = [ 243 308 365 459 494 567 594 671 739 812 916 965 997 1113 1136 1217 1320 1355 1395 1489 1553 1631 1697 1769 1786 1725 1694 1545 1526 1426 1313 1272 1171 1128 1036 1151 1204 1320 1448 1503 1626 1481 1287 1145 1051 895 768 630 442 537 625 649 708 723 804 839 897 1014 1024 1116 1136 1250 1303 1348 1419 1435 1511 1577 1619 1693 1725 1751 1838 1735 1657 1595 1523 1477 1333 1293 1204 1171 1017 1170 1257 1287 1418 1425 1515 1383 1289 1124 970 872 775 634 ]
