n = 10 ; 
T = 96 ; 
Init = [ 0 0 0 0 0 0 0 0 0 1 ]
L = [ 14 5 14 13 14 8 16 7 6 18 ]
l = [ 14 5 14 13 14 8 16 7 6 18 ]
Pmin = [ 320 91 301 255 310 140 351 134 84 377 ]
Pmax = [ 320 91 301 255 310 140 351 134 84 377 ]
cf = [ 43.906 7.43443 9.52782 16.7833 25.8851 55.8038 32.0932 12.769 54.5742 9.14527 ]
c0 = [ 228 103 202 167 210 115 238 120 73 249 ]
cp = [ 23.0928 41.2325 12.3785 21.719 28.596 25.6954 14.3953 34.6864 38.3031 17.2789 ]
D = [ 311 347 393 473 571 584 715 736 805 862 937 1024 1110 1111 1225 1240 1356 1424 1441 1567 1567 1702 1718 1773 1881 1768 1701 1600 1514 1438 1320 1250 1223 1085 1029 1126 1184 1284 1335 1476 1566 1400 1257 1140 988 813 645 544 414 438 527 603 645 639 714 765 806 897 927 994 1035 1077 1197 1251 1259 1355 1415 1477 1491 1574 1625 1684 1741 1620 1594 1523 1422 1296 1218 1166 1089 1044 934 995 1120 1182 1239 1350 1369 1290 1145 1038 947 787 681 622 ]
