n = 10 ; 
T = 96 ; 
Init = [ 1 0 0 0 0 0 1 1 0 1 ]
L = [ 10 8 11 8 10 10 17 9 11 5 ]
l = [ 10 8 11 8 10 10 17 9 11 5 ]
Pmin = [ 218 140 219 132 184 184 379 184 202 58 ]
Pmax = [ 218 140 219 132 184 184 379 184 202 58 ]
cf = [ 25.0505 56.9618 40.5861 8.07776 16.9977 56.6709 47.4228 8.19723 51.3411 68.7973 ]
c0 = [ 150 126 144 119 153 145 250 139 164 76 ]
cp = [ 32.848 21.4304 32.0677 35.8473 22.3272 33.2412 12.1482 34.4734 28.2328 40.3575 ]
D = [ 181 247 274 306 372 418 454 543 565 644 685 690 766 842 890 921 944 1024 1039 1091 1179 1172 1276 1326 1361 1311 1202 1187 1124 1039 987 909 843 769 736 822 881 971 1037 1130 1189 1082 967 888 808 693 658 552 475 501 553 589 628 667 700 716 765 782 854 889 935 959 978 1041 1056 1155 1142 1201 1216 1276 1346 1336 1391 1339 1290 1198 1135 1071 1007 928 849 798 715 763 840 939 963 1048 1064 1041 921 864 764 684 589 525 ]
