n = 10 ; 
T = 96 ; 
Init = [ 0 1 0 1 1 0 0 0 1 0 ]
L = [ 10 19 6 13 5 18 14 20 5 4 ]
l = [ 10 19 6 13 5 18 14 20 5 4 ]
Pmin = [ 196 397 79 258 84 394 276 416 36 38 ]
Pmax = [ 196 397 79 258 84 394 276 416 36 38 ]
cf = [ 43.067 11.5301 59.1746 11.2862 27.321 48.9507 47.4517 41.8454 50.7804 50.6504 ]
c0 = [ 153 250 100 199 101 250 192 250 72 79 ]
cp = [ 22.332 9.10868 38.6093 29.7201 33.0201 15.4463 31.488 8.50529 41.0786 39.6401 ]
D = [ 310 370 439 489 521 596 631 727 750 786 864 895 967 1027 1099 1114 1157 1264 1263 1323 1377 1470 1528 1576 1609 1537 1466 1390 1330 1211 1157 1051 1010 900 861 967 1048 1088 1236 1286 1380 1266 1149 1046 869 769 629 511 398 449 517 588 574 643 730 745 835 823 872 929 1025 1018 1134 1178 1227 1231 1276 1335 1416 1482 1487 1521 1570 1528 1446 1370 1269 1195 1157 1074 1001 911 850 923 992 1038 1147 1186 1240 1181 1059 921 875 751 607 560 ]
