n = 10 ; 
T = 96 ; 
Init = [ 1 0 0 0 1 0 0 1 1 0 ]
L = [ 14 9 17 16 8 5 19 18 12 20 ]
l = [ 14 9 17 16 8 5 19 18 12 20 ]
Pmin = [ 299 137 359 364 123 65 420 404 239 420 ]
Pmax = [ 299 137 359 364 123 65 420 404 239 420 ]
cf = [ 49.5142 47.2515 33.7512 12.5255 38.7348 42.1886 61.2703 25.376 19.335 31.1434 ]
c0 = [ 198 99 236 250 110 89 250 250 179 250 ]
cp = [ 21.1557 21.4121 18.7975 13.2083 36.4657 38.5651 10.4919 9.20087 31.0498 9.94361 ]
D = [ 262 336 432 484 610 689 716 848 892 941 1022 1101 1228 1323 1418 1402 1523 1614 1675 1762 1797 1863 1980 2057 2113 2082 1976 1830 1771 1651 1626 1522 1399 1296 1264 1376 1464 1568 1639 1790 1867 1689 1493 1368 1208 1029 909 791 636 650 704 820 914 910 1057 1119 1180 1215 1243 1385 1381 1519 1555 1653 1668 1755 1832 1919 1964 2071 2054 2172 2216 2166 2010 1905 1806 1791 1692 1584 1419 1306 1246 1408 1429 1555 1712 1822 1916 1760 1576 1422 1240 1023 900 762 ]
