n = 10 ; 
T = 96 ; 
Init = [ 0 0 0 1 1 0 1 1 0 1 ]
L = [ 17 12 19 15 6 19 10 10 14 11 ]
l = [ 17 12 19 15 6 19 10 10 14 11 ]
Pmin = [ 390 229 417 311 95 411 214 191 300 213 ]
Pmax = [ 390 229 417 311 95 411 214 191 300 213 ]
cf = [ 13.1308 7.47789 53.135 48.4166 23.9574 38.8796 9.56337 19.8378 65.6181 45.4099 ]
c0 = [ 250 165 250 211 88 250 161 143 191 157 ]
cp = [ 20.7252 17.4784 11.2356 20.7991 39.2874 10.0643 27.6658 30.8716 17.15 23.5875 ]
D = [ 421 437 549 564 661 684 783 869 882 981 1104 1166 1176 1262 1290 1445 1476 1496 1625 1649 1726 1784 1858 1951 1983 1970 1817 1793 1674 1577 1512 1421 1366 1250 1201 1264 1380 1450 1625 1685 1785 1669 1470 1354 1161 1016 893 756 550 606 711 822 807 878 952 1017 1104 1171 1263 1317 1323 1377 1447 1517 1645 1674 1744 1813 1890 1901 2022 2105 2145 2023 1901 1866 1715 1654 1509 1429 1359 1255 1128 1272 1374 1455 1505 1631 1714 1561 1444 1333 1169 1057 951 852 ]
