n = 10 ; 
T = 96 ; 
Init = [ 1 0 1 0 0 1 1 0 1 1 ]
L = [ 12 9 5 19 17 20 11 14 8 12 ]
l = [ 12 9 5 19 17 20 11 14 8 12 ]
Pmin = [ 243 179 43 396 395 420 209 304 119 252 ]
Pmax = [ 243 179 43 396 395 420 209 304 119 252 ]
cf = [ 9.44924 17.0737 68.9373 25.9285 20.8238 65.5469 15.7619 36.4682 38.7141 30.3967 ]
c0 = [ 171 146 69 250 250 250 153 220 107 185 ]
cp = [ 23.413 34.5682 40.4001 10.4296 13.8477 8.20624 26.0957 19.9218 33.4785 23.8755 ]
D = [ 284 355 472 482 588 683 742 781 864 960 996 1043 1150 1192 1331 1394 1412 1476 1610 1655 1712 1821 1884 1969 1995 1969 1803 1792 1690 1611 1497 1369 1288 1219 1114 1164 1300 1364 1467 1527 1701 1548 1363 1265 1167 1049 856 790 657 705 744 801 860 893 940 1011 1022 1118 1113 1146 1228 1269 1345 1401 1453 1498 1551 1578 1653 1651 1709 1794 1814 1726 1689 1584 1531 1480 1409 1298 1245 1162 1143 1166 1306 1352 1482 1497 1588 1442 1302 1204 1048 934 756 600 ]
