n = 10 ; 
T = 96 ; 
Init = [ 0 0 1 0 0 0 1 1 0 0 ]
L = [ 12 11 7 8 6 12 14 18 5 7 ]
l = [ 12 11 7 8 6 12 14 18 5 7 ]
Pmin = [ 243 201 109 129 88 252 303 390 39 109 ]
Pmax = [ 243 201 109 129 88 252 303 390 39 109 ]
cf = [ 53.2874 62.2022 20.1677 8.03575 28.2832 45.4864 50.3775 63.5638 18.8436 59.8046 ]
c0 = [ 181 163 93 119 75 178 201 250 53 103 ]
cp = [ 21.5164 23.6778 38.2589 29.6829 39.1393 17.4408 14.9512 9.26866 38.8641 33.5016 ]
D = [ 238 283 312 348 390 457 510 578 574 624 669 760 771 819 846 908 942 1035 1058 1081 1135 1174 1260 1267 1323 1279 1218 1138 1061 1002 937 911 851 769 674 748 826 935 972 1058 1172 1035 935 841 765 645 567 480 379 411 448 476 510 590 603 641 661 712 753 813 832 873 934 929 991 1004 1097 1119 1129 1166 1210 1257 1313 1268 1180 1133 1075 1019 960 871 807 748 706 758 802 856 907 990 1057 970 875 841 755 683 605 483 ]
