n = 10 ; 
T = 96 ; 
Init = [ 1 0 1 1 1 0 1 1 0 1 ]
L = [ 6 4 19 7 5 17 9 16 20 19 ]
l = [ 6 4 19 7 5 17 9 16 20 19 ]
Pmin = [ 74 33 420 94 89 336 172 351 420 400 ]
Pmax = [ 74 33 420 94 89 336 172 351 420 400 ]
cf = [ 48.369 23.6453 16.7346 43.6116 32.5268 8.72183 45.2568 28.6837 65.686 50.8531 ]
c0 = [ 86 71 250 94 81 237 141 250 250 250 ]
cp = [ 33.3546 40.7417 10.7744 32.7784 36.8199 13.4011 30.1682 19.7464 8.13346 12.4277 ]
D = [ 326 338 420 501 542 650 708 704 829 832 910 995 1045 1077 1116 1224 1309 1317 1416 1456 1528 1598 1605 1656 1772 1706 1616 1534 1442 1347 1278 1198 1133 1086 1027 1095 1168 1258 1340 1399 1511 1330 1211 1110 981 840 708 604 458 526 597 606 656 719 788 816 883 945 983 1075 1073 1179 1188 1277 1309 1378 1423 1478 1553 1544 1673 1654 1717 1655 1591 1475 1415 1295 1220 1189 1084 1028 952 1029 1169 1216 1348 1423 1558 1428 1296 1131 975 800 672 574 ]
