n = 10 ; 
T = 96 ; 
Init = [ 1 0 0 0 1 1 0 1 0 1 ]
L = [ 20 13 18 12 12 12 10 10 5 18 ]
l = [ 20 13 18 12 12 12 10 10 5 18 ]
Pmin = [ 420 271 395 244 232 248 185 202 66 392 ]
Pmax = [ 420 271 395 244 232 248 185 202 66 392 ]
cf = [ 21.9677 23.0754 35.2103 12.8732 12.6212 57.4576 8.47285 19.1519 35.7062 38.3732 ]
c0 = [ 250 201 250 170 167 185 148 150 85 250 ]
cp = [ 8.38253 15.3263 14.0019 23.744 32.0305 32.5423 29.7759 29.7539 38.8929 10.2183 ]
D = [ 349 404 500 581 665 710 799 843 933 1012 1026 1093 1157 1290 1277 1347 1429 1507 1595 1645 1722 1784 1854 1946 2032 1955 1812 1785 1646 1607 1514 1445 1392 1237 1180 1314 1396 1442 1552 1655 1711 1613 1383 1281 1159 936 836 637 546 579 636 730 792 815 942 957 1059 1109 1154 1271 1347 1347 1456 1488 1597 1629 1716 1789 1832 1879 1982 2041 2140 2028 1857 1769 1679 1631 1517 1362 1282 1159 1121 1150 1277 1414 1483 1555 1677 1570 1450 1248 1165 998 851 722 ]
