n = 10 ; 
T = 96 ; 
Init = [ 0 1 1 1 1 0 1 1 0 1 ]
L = [ 18 12 11 11 16 17 8 4 6 13 ]
l = [ 18 12 11 11 16 17 8 4 6 13 ]
Pmin = [ 378 219 202 230 351 375 125 66 117 255 ]
Pmax = [ 378 219 202 230 351 375 125 66 117 255 ]
cf = [ 49.3428 24.1375 39.743 12.1505 61.3319 7.54066 46.6812 68.6178 64.0853 42.8685 ]
c0 = [ 244 159 168 169 229 243 107 78 101 177 ]
cp = [ 9.58235 27.5438 25.4486 29.3655 12.6632 8.83113 37.2515 40.8766 38.056 19.0889 ]
D = [ 217 325 329 450 463 538 635 682 710 783 825 898 950 1025 1094 1156 1175 1214 1295 1358 1457 1472 1505 1632 1641 1599 1499 1481 1388 1298 1277 1190 1150 1074 973 1018 1089 1158 1268 1309 1393 1246 1138 1052 999 825 742 649 585 644 634 691 718 758 868 873 960 973 1007 1085 1143 1159 1167 1231 1293 1357 1363 1455 1510 1529 1590 1571 1683 1560 1489 1449 1414 1289 1243 1193 1082 1058 942 1052 1183 1293 1363 1458 1535 1450 1280 1149 1034 904 792 616 ]
