n = 20 ; 
T = 96 ; 
Init = [ 1 0 1 0 0 0 0 0 1 1 0 1 0 1 1 0 1 0 1 0 ]
L = [ 10 14 9 19 7 5 19 12 7 13 17 6 20 5 19 19 15 4 13 7 ]
l = [ 10 14 9 19 7 5 19 12 7 13 17 6 20 5 19 19 15 4 13 7 ]
Pmin = [ 192 307 172 397 98 87 403 260 109 255 349 99 420 81 420 420 308 37 242 127 ]
Pmax = [ 192 307 172 397 98 87 403 260 109 255 349 99 420 81 420 420 308 37 242 127 ]
cf = [ 60.9076 41.0126 41.1641 36.1142 59.4475 34.3134 34.833 7.87467 30.0754 24.5327 31.8513 48.2119 36.0173 35.279 59.2069 33.3758 27.426 43.0663 44.3944 43.5444 ]
c0 = [ 136 211 122 250 103 102 250 168 104 193 222 97 250 78 250 250 194 63 172 118 ]
cp = [ 26.1516 25.4276 35.0395 14.2827 32.6648 33.155 8.88668 22.8942 32.3041 15.6633 11.7521 38.963 8.55206 35.4678 11.5031 9.43666 12.3212 40.9886 26.6084 31.6979 ]
D = [ 515 821 817 979 1102 1254 1397 1640 1791 1920 2054 2136 2441 2499 2643 2758 3011 3025 3281 3358 3613 3623 3858 3982 4170 3889 3808 3534 3328 3229 2963 2768 2652 2409 2227 2419 2511 2657 2770 2866 2993 2856 2476 2176 1950 1741 1409 1114 826 965 1215 1244 1493 1486 1675 1842 1935 2121 2188 2230 2425 2544 2712 2913 3005 3128 3141 3365 3553 3536 3803 3877 3971 3743 3622 3466 3316 3229 2980 2822 2570 2443 2360 2353 2565 2667 2873 3049 3035 2795 2673 2340 2091 1835 1575 1289 ]
