n = 20 ; 
T = 96 ; 
Init = [ 1 1 0 1 0 1 0 0 0 0 1 1 1 1 1 1 1 1 1 0 ]
L = [ 5 5 5 5 9 8 8 8 13 13 19 6 16 12 19 18 5 5 10 14 ]
l = [ 5 5 5 5 9 8 8 8 13 13 19 6 16 12 19 18 5 5 10 14 ]
Pmin = [ 63 63 61 61 179 130 130 142 277 277 419 78 328 248 412 400 43 43 179 284 ]
Pmax = [ 63 63 61 61 179 130 130 142 277 277 419 78 328 248 412 400 43 43 179 284 ]
cf = [ 40.3292 40.3292 50.141 50.141 13.5122 40.9372 40.9372 41.5839 49.4104 49.4104 14.7703 19.226 47.0355 7.17299 12.1321 29.1944 35.4287 35.4287 61.4884 27.1475 ]
c0 = [ 80 80 65 65 140 114 114 124 200 200 250 82 234 188 250 248 44 44 150 194 ]
cp = [ 40.7962 40.7962 38.636 38.636 32.3349 29.9115 29.9115 35.2586 28.9666 28.9666 10.2976 41.7319 13.9996 23.9488 9.59889 13.8337 40.7317 40.7317 28.1304 17.3697 ]
D = [ 505 584 726 821 851 1029 1078 1264 1363 1472 1524 1640 1673 1871 1911 1994 2203 2280 2376 2505 2644 2752 2793 2885 3076 2932 2768 2588 2474 2280 2179 2055 1970 1768 1632 1911 1951 2199 2423 2590 2704 2473 2250 2027 1751 1597 1351 1176 823 969 1113 1199 1178 1277 1383 1439 1571 1689 1794 1858 1974 2051 2118 2175 2303 2366 2502 2490 2558 2698 2774 2915 2901 2810 2638 2512 2359 2263 2109 1966 1929 1697 1553 1863 1961 2154 2297 2577 2665 2553 2263 1970 1848 1540 1354 1138 ]
