n = 20 ; 
T = 96 ; 
Init = [ 1 0 1 1 1 1 0 0 1 1 0 1 0 1 1 0 0 0 0 0 ]
L = [ 13 16 5 19 12 16 10 7 18 13 13 18 7 15 20 17 7 10 20 18 ]
l = [ 13 16 5 19 12 16 10 7 18 13 13 18 7 15 20 17 7 10 20 18 ]
Pmin = [ 260 327 82 420 227 347 201 107 396 264 274 374 106 315 420 365 112 192 420 407 ]
Pmax = [ 260 327 82 420 227 347 201 107 396 264 274 374 106 315 420 365 112 192 420 407 ]
cf = [ 43.1191 54.6016 10.2721 16.9418 69.9996 19.8727 63.0672 14.9045 69.8613 10.4056 61.844 11.5567 7.26218 65.1534 44.4152 18.3635 17.2773 31.6765 64.5207 58.6408 ]
c0 = [ 166 223 76 250 170 236 162 102 250 194 190 246 92 201 250 237 85 147 250 250 ]
cp = [ 32.4616 18.5916 34.3996 10.8242 21.6732 23.6394 34.2575 35.0184 12.5312 19.327 25.7361 17.7512 34.2076 25.6202 8.44315 13.4891 37.3679 34.1091 9.00773 15.8314 ]
D = [ 623 877 1088 1159 1466 1544 1771 1908 2048 2089 2402 2584 2767 2921 3077 3272 3387 3585 3766 3864 3994 4089 4392 4568 4564 4479 4192 4067 3781 3675 3391 3190 2966 2730 2642 2787 3106 3307 3632 3719 4004 3708 3250 2993 2687 2428 1994 1638 1410 1421 1648 1744 1879 1978 2198 2224 2451 2466 2679 2873 3004 3132 3208 3309 3533 3673 3830 3882 4103 4127 4412 4499 4628 4344 4199 3905 3739 3665 3424 3099 2900 2751 2594 2825 3069 3219 3549 3676 3913 3520 3322 2755 2563 2096 1703 1391 ]
