n = 20 ; 
T = 96 ; 
Init = [ 1 1 1 0 1 0 0 0 1 1 0 0 1 0 1 1 0 1 1 0 ]
L = [ 16 14 14 10 19 4 15 7 12 13 13 5 16 7 15 13 4 13 11 19 ]
l = [ 16 14 14 10 19 4 15 7 12 13 13 5 16 7 15 13 4 13 11 19 ]
Pmin = [ 354 293 302 192 420 34 299 136 260 257 290 58 357 128 320 254 58 269 224 416 ]
Pmax = [ 354 293 302 192 420 34 299 136 260 257 290 58 357 128 320 254 58 269 224 416 ]
cf = [ 13.5136 44.8255 67.9647 13.8817 61.7526 17.0374 57.564 26.7308 31.9281 35.7085 40.5375 53.9355 68.1127 67.4015 12.5773 8.29203 10.3436 63.5666 63.6698 9.50217 ]
c0 = [ 225 210 198 147 250 47 213 123 198 188 195 67 224 105 218 189 78 181 160 250 ]
cp = [ 21.5492 14.0705 16.9068 23.7 9.70201 41.5618 16.0987 29.2495 17.3206 32.7066 27.5883 36.2377 15.9003 34.0919 17.6433 23.805 39.8854 30.3303 23.8274 15.9147 ]
D = [ 562 779 917 1074 1247 1436 1535 1617 1872 1996 2036 2343 2403 2534 2677 2927 3072 3073 3364 3507 3531 3810 3959 3955 4234 4059 3776 3484 3316 3132 2993 2726 2612 2283 2205 2349 2654 2759 3019 3252 3513 3149 2848 2507 2127 2000 1583 1380 1041 1101 1157 1405 1562 1527 1808 1804 2010 2045 2308 2386 2545 2561 2733 2786 3030 3044 3148 3332 3529 3595 3703 3898 4031 3759 3685 3367 3193 3026 2870 2793 2564 2340 2208 2365 2514 2711 2920 2973 3261 3009 2776 2498 2319 1954 1786 1548 ]
