n = 20 ; 
T = 96 ; 
Init = [ 0 0 0 1 1 0 0 1 1 1 1 1 0 1 0 1 1 0 0 0 ]
L = [ 19 15 12 17 9 7 20 6 4 19 7 12 13 4 19 4 20 18 20 13 ]
l = [ 19 15 12 17 9 7 20 6 4 19 7 12 13 4 19 4 20 18 20 13 ]
Pmin = [ 398 292 253 369 161 103 420 90 32 420 107 217 254 39 420 52 420 364 417 238 ]
Pmax = [ 398 292 253 369 161 103 420 90 32 420 107 217 254 39 420 52 420 364 417 238 ]
cf = [ 15.7706 26.984 54.8038 47.6642 17.91 39.7884 52.8379 32.8103 50.2905 44.5798 59.4904 41.4227 53.466 25.1645 39.8473 15.6294 52.203 10.704 19.9775 17.0957 ]
c0 = [ 250 194 189 250 124 95 250 85 50 250 83 152 173 60 250 59 250 240 250 173 ]
cp = [ 8.96536 14.5005 18.6478 10.6634 28.5064 35.1924 8.03419 38.517 41.6507 8.74737 32.4572 26.2204 17.077 34.6317 14.9369 41.6425 9.62964 17.7325 8.67307 19.1927 ]
D = [ 825 891 1140 1224 1365 1511 1693 1866 1909 2069 2341 2448 2647 2674 2833 3015 3086 3377 3409 3582 3731 3877 3972 4184 4358 4091 3863 3797 3593 3210 3058 2923 2644 2408 2210 2506 2665 2898 3034 3275 3334 3130 2867 2513 2374 2122 1803 1587 1249 1414 1395 1671 1628 1750 2027 1992 2168 2331 2408 2554 2724 2721 2835 3046 3175 3339 3418 3431 3604 3788 3936 3944 4083 4004 3708 3586 3405 3275 3176 3025 2755 2704 2524 2607 2704 3013 3128 3281 3447 3248 2968 2541 2219 1934 1783 1471 ]
