n = 20 ; 
T = 96 ; 
Init = [ 1 0 1 0 1 1 0 1 0 0 1 0 0 1 1 1 1 0 0 1 ]
L = [ 6 6 14 8 17 5 15 15 7 8 4 12 5 20 13 15 5 14 17 9 ]
l = [ 6 6 14 8 17 5 15 15 7 8 4 12 5 20 13 15 5 14 17 9 ]
Pmin = [ 97 112 289 148 336 74 292 315 135 127 61 254 57 420 271 321 63 300 385 154 ]
Pmax = [ 97 112 289 148 336 74 292 315 135 127 61 254 57 420 271 321 63 300 385 154 ]
cf = [ 34.9303 23.9484 51.3007 27.9722 20.515 54.8301 23.261 50.0652 8.01918 60.2427 60.7019 44.848 27.2531 49.0815 40.1903 60.424 22.7632 23.1424 11.6138 39.4061 ]
c0 = [ 102 98 214 125 229 74 198 201 104 106 77 160 90 250 174 227 73 196 250 122 ]
cp = [ 36.2961 35.8958 19.7932 34.8321 14.3912 39.9796 18.1118 22.6975 35.6464 34.5963 41.4539 31.9713 37.478 8.33811 28.4221 13.5797 39.5753 28.94 16.4757 18.2321 ]
D = [ 752 810 930 999 1114 1228 1419 1507 1687 1821 1891 2003 2061 2196 2357 2541 2525 2649 2791 2979 3081 3120 3369 3472 3483 3369 3250 3092 2814 2739 2602 2442 2307 2021 1964 2171 2226 2435 2612 2881 2956 2797 2469 2196 2055 1771 1413 1290 983 1034 1178 1208 1302 1448 1513 1694 1713 1931 1987 2032 2203 2283 2352 2549 2624 2628 2716 2890 2974 3047 3185 3242 3366 3232 3013 2957 2724 2622 2411 2363 2210 2041 1922 2075 2113 2270 2503 2610 2883 2534 2352 2159 1941 1725 1476 1231 ]
