n = 20 ; 
T = 96 ; 
Init = [ 1 0 1 0 1 0 1 0 1 1 0 0 0 1 1 0 1 0 1 0 ]
L = [ 18 18 9 12 12 19 17 11 12 12 11 18 18 14 9 9 8 8 15 15 ]
l = [ 18 18 9 12 12 19 17 11 12 12 11 18 18 14 9 9 8 8 15 15 ]
Pmin = [ 393 393 180 224 224 420 360 212 257 257 213 402 402 290 153 153 136 136 296 296 ]
Pmax = [ 393 393 180 224 224 420 360 212 257 257 213 402 402 290 153 153 136 136 296 296 ]
cf = [ 7.33196 7.33196 59.5589 38.678 38.678 25.9167 10.5304 15.9223 11.1294 11.1294 50.9819 34.0717 34.0717 29.4074 66.0774 66.0774 31.2061 31.2061 52.2855 52.2855 ]
c0 = [ 250 250 133 178 178 250 250 166 184 184 163 250 250 194 109 109 98 98 196 196 ]
cp = [ 11.8617 11.8617 33.2705 35.8629 35.8629 9.57541 9.01406 32.305 31.5499 31.5499 31.8414 16.2564 16.2564 10.7977 23.3934 23.3934 37.9645 37.9645 23.3896 23.3896 ]
D = [ 943 1049 1305 1437 1432 1603 1865 2024 2129 2152 2462 2584 2592 2829 2898 3089 3243 3401 3460 3643 3898 4020 4164 4299 4464 4169 4037 3737 3512 3310 3186 3011 2774 2564 2379 2579 2784 2905 3122 3290 3491 3204 3078 2671 2479 2080 1922 1542 1319 1459 1640 1622 1824 1900 2050 2245 2392 2562 2715 2847 3027 2990 3135 3446 3435 3557 3679 3862 3941 4138 4411 4372 4494 4337 4262 4093 3879 3616 3468 3199 2940 2836 2611 2826 3070 3267 3541 3596 3827 3584 3300 2843 2625 2350 1868 1702 ]
