n = 20 ; 
T = 96 ; 
Init = [ 1 0 1 0 0 0 0 0 0 1 0 0 0 1 0 1 1 0 0 1 ]
L = [ 17 18 18 5 7 15 20 20 8 8 4 12 5 5 8 17 9 15 16 10 ]
l = [ 17 18 18 5 7 15 20 20 8 8 4 12 5 5 8 17 9 15 16 10 ]
Pmin = [ 359 397 390 58 126 304 420 420 136 131 43 229 49 49 150 364 174 319 315 186 ]
Pmax = [ 359 397 390 58 126 304 420 420 136 131 43 229 49 49 150 364 174 319 315 186 ]
cf = [ 29.5362 8.67194 37.3726 43.7442 7.00506 56.5795 49.9055 19.2936 31.904 24.7923 60.2452 39.0873 25.5709 60.9449 47.3271 37.7975 60.959 66.6594 30.9265 46.443 ]
c0 = [ 222 250 248 74 109 197 250 250 124 107 80 180 71 81 126 235 122 229 212 152 ]
cp = [ 9.93717 13.2379 12.2339 41.6561 40.4968 20.2942 10.0909 9.05364 33.4535 38.7284 40.6633 22.6235 31.8612 40.2214 29.1456 11.2116 32.3078 20.1337 19.1918 35.6648 ]
D = [ 507 714 735 890 987 1252 1338 1379 1553 1656 1767 1905 2158 2188 2360 2426 2550 2665 2863 2914 3161 3334 3446 3540 3618 3485 3400 3206 2933 2787 2734 2519 2450 2289 2098 2133 2411 2481 2596 2750 2962 2677 2459 2245 2029 1685 1576 1355 1109 1187 1325 1387 1538 1639 1753 1916 1954 2178 2262 2295 2486 2627 2792 2907 3016 3021 3202 3262 3450 3653 3732 3811 3972 3757 3573 3284 3173 2983 2765 2572 2340 2309 2059 2214 2354 2624 2655 2881 3088 2853 2594 2306 2092 1879 1755 1363 ]
