n = 20 ; 
T = 96 ; 
Init = [ 1 0 0 0 1 0 0 1 0 0 1 1 1 0 1 0 0 0 1 1 ]
L = [ 7 6 18 4 4 11 11 14 16 5 7 5 14 14 7 18 18 8 8 15 ]
l = [ 7 6 18 4 4 11 11 14 16 5 7 5 14 14 7 18 18 8 8 15 ]
Pmin = [ 111 97 414 45 45 199 199 277 325 83 110 48 291 291 93 381 381 124 124 311 ]
Pmax = [ 111 97 414 45 45 199 199 277 325 83 110 48 291 291 93 381 381 124 124 311 ]
cf = [ 63.6879 43.6239 47.1374 50.4051 50.4051 47.8567 47.8567 54.7215 56.1216 66.8385 65.4576 53.2225 32.076 32.076 37.8799 8.72214 8.72214 66.3893 66.3893 46.6395 ]
c0 = [ 108 85 250 58 58 144 144 187 210 70 99 85 196 196 87 248 248 106 106 204 ]
cp = [ 35.5087 30.5973 8.59219 40.4989 40.4989 30.186 30.186 22.4875 10.633 37.9073 37.4853 37.2452 21.2563 21.2563 22.9412 19.6828 19.6828 28.4079 28.4079 13.3648 ]
D = [ 639 729 763 963 969 1078 1284 1386 1503 1575 1672 1804 1879 2000 2129 2176 2391 2534 2515 2718 2816 2947 3076 3123 3243 3068 2872 2813 2670 2509 2351 2205 2023 1928 1729 1864 1908 2085 2211 2402 2538 2322 2064 1834 1626 1527 1233 1128 860 1011 1051 1188 1298 1292 1440 1544 1675 1691 1766 1957 2069 2152 2259 2278 2361 2530 2558 2625 2737 2876 2936 3009 3196 2972 2938 2661 2624 2427 2227 2113 1972 1857 1785 1845 2098 2266 2476 2623 2853 2621 2300 2125 1881 1571 1461 1204 ]
