n = 20 ; 
T = 96 ; 
Init = [ 0 1 0 0 1 1 0 1 1 0 1 1 1 1 0 1 1 0 0 0 ]
L = [ 9 9 15 15 14 19 19 20 18 18 13 13 7 6 11 11 16 16 14 14 ]
l = [ 9 9 15 15 14 19 19 20 18 18 13 13 7 6 11 11 16 16 14 14 ]
Pmin = [ 156 156 331 331 301 406 406 420 398 398 242 242 135 96 233 233 348 348 287 287 ]
Pmax = [ 156 156 331 331 301 406 406 420 398 398 242 242 135 96 233 233 348 348 287 287 ]
cf = [ 15.3652 15.3652 7.99078 7.99078 24.496 24.5101 24.5101 23.4887 42.4628 42.4628 61.2103 61.2103 24.8008 63.4777 22.5035 22.5035 53.155 53.155 11.3745 11.3745 ]
c0 = [ 120 120 244 244 203 250 250 250 250 250 179 179 109 108 156 156 235 235 187 187 ]
cp = [ 30.7913 30.7913 11.8716 11.8716 20.9587 8.41515 8.41515 10.1521 15.5898 15.5898 22.5301 22.5301 40.5209 32.8709 27.919 27.919 17.2741 17.2741 23.1016 23.1016 ]
D = [ 657 663 904 1100 1276 1435 1626 1777 1993 2184 2331 2398 2652 2677 2874 2989 3331 3387 3539 3694 3953 4144 4265 4478 4556 4425 4269 4001 3707 3688 3412 3267 2874 2886 2557 2788 2979 3074 3289 3530 3863 3555 3190 2892 2442 2322 1974 1699 1339 1495 1532 1733 1934 2116 2224 2395 2501 2665 2857 2963 3212 3223 3535 3680 3708 3849 4129 4157 4453 4530 4628 4898 4933 4692 4667 4277 4057 3987 3781 3538 3258 3148 2738 2941 3295 3489 3709 4016 4219 3669 3333 3036 2556 2165 1859 1467 ]
