n = 20 ; 
T = 96 ; 
Init = [ 1 1 1 1 1 0 1 0 1 1 1 0 1 0 0 0 1 1 1 1 ]
L = [ 10 10 19 15 15 7 7 9 9 10 10 6 13 10 12 14 14 8 8 18 ]
l = [ 10 10 19 15 15 7 7 9 9 10 10 6 13 10 12 14 14 8 8 18 ]
Pmin = [ 195 195 414 320 320 128 128 177 177 196 196 99 259 186 237 289 289 120 120 398 ]
Pmax = [ 195 195 414 320 320 128 128 177 177 196 196 99 259 186 237 289 289 120 120 398 ]
cf = [ 64.5299 64.5299 7.36028 42.9302 42.9302 9.88884 9.88884 25.5996 25.5996 23.9135 23.9135 56.8258 33.5441 37.3806 19.1369 17.6869 17.6869 17.0109 17.0109 67.9592 ]
c0 = [ 152 152 250 229 229 96 96 131 131 145 145 101 169 150 175 211 211 114 114 243 ]
cp = [ 25.2879 25.2879 12.0315 18.2822 18.2822 33.703 33.703 29.9864 29.9864 32.435 32.435 38.7909 18.3601 32.371 24.7379 27.2118 27.2118 33.4417 33.4417 18.4966 ]
D = [ 493 747 819 914 1011 1161 1282 1394 1635 1672 1824 1899 2181 2274 2359 2433 2683 2766 2810 2915 3196 3266 3435 3569 3618 3507 3283 3229 2923 2887 2747 2443 2372 2177 2002 2259 2444 2621 2862 2999 3247 2871 2636 2396 2147 1869 1577 1289 988 1062 1108 1285 1455 1448 1639 1772 1785 1993 2055 2194 2226 2347 2473 2646 2811 2877 2938 3171 3285 3391 3497 3617 3713 3526 3319 3194 2980 2727 2614 2414 2282 2103 1966 2104 2338 2491 2649 2944 3031 2861 2582 2312 2149 1884 1674 1402 ]
