n = 20 ; 
T = 96 ; 
Init = [ 1 1 1 0 0 0 0 0 1 0 0 0 0 1 1 0 0 1 1 1 ]
L = [ 11 7 7 7 9 9 14 5 20 20 8 18 14 14 12 12 12 12 13 8 ]
l = [ 11 7 7 7 9 9 14 5 20 20 8 18 14 14 12 12 12 12 13 8 ]
Pmin = [ 212 91 91 87 146 146 292 53 420 420 127 369 303 303 244 244 213 213 249 162 ]
Pmax = [ 212 91 91 87 146 146 292 53 420 420 127 369 303 303 244 244 213 213 249 162 ]
cf = [ 36.0705 60.1825 60.1825 32.4437 52.6002 52.6002 69.1265 60.8141 52.4586 52.4586 30.8238 12.2256 63.4915 63.4915 69.741 69.741 24.601 24.601 52.7476 54.0304 ]
c0 = [ 150 88 88 87 107 107 204 87 250 250 107 247 202 202 171 171 152 152 174 133 ]
cp = [ 35.7252 36.8465 36.8465 40.7277 27.9355 27.9355 20.4244 40.3453 9.31637 9.31637 29.868 19.5184 13.2857 13.2857 27.4479 27.4479 33.4747 33.4747 16.1241 28.4888 ]
D = [ 671 775 999 1065 1094 1196 1330 1578 1610 1795 1926 1937 2100 2178 2300 2434 2527 2694 2741 2837 2967 3155 3303 3350 3418 3320 3111 2985 2841 2688 2547 2431 2266 2074 1907 2126 2232 2395 2587 2767 2839 2679 2386 2297 1939 1809 1579 1356 1122 1295 1325 1479 1601 1661 1829 1795 1872 2080 2197 2239 2278 2457 2608 2654 2711 2885 2848 2955 3046 3131 3250 3423 3489 3349 3250 2980 2966 2696 2566 2391 2356 2159 2041 2163 2220 2463 2612 2649 2844 2633 2394 2152 1865 1679 1387 1218 ]
