n = 20 ; 
T = 96 ; 
Init = [ 0 1 1 1 0 0 1 0 0 1 1 0 1 1 0 1 0 1 1 0 ]
L = [ 16 18 8 11 15 17 7 8 20 7 18 17 18 7 12 4 17 18 14 6 ]
l = [ 16 18 8 11 15 17 7 8 20 7 18 17 18 7 12 4 17 18 14 6 ]
Pmin = [ 344 372 144 245 332 368 108 113 420 139 381 383 407 130 262 46 369 382 281 99 ]
Pmax = [ 344 372 144 245 332 368 108 113 420 139 381 383 407 130 262 46 369 382 281 99 ]
cf = [ 36.3025 21.737 31.1626 28.0825 40.578 25.3588 65.2817 20.2578 36.9062 41.1935 9.26125 46.3005 26.6628 41.0798 37.8507 62.6115 64.0454 63.9147 22.0989 32.2992 ]
c0 = [ 228 246 116 180 215 241 94 90 250 120 244 250 250 111 196 74 240 250 205 101 ]
cp = [ 26.4022 16.0365 32.9785 20.9624 26.4782 13.6505 25.8309 30.0177 8.14501 36.724 12.6586 15.8802 14.364 26.9813 17.6475 39.8352 16.6227 19.0346 15.6898 35.1691 ]
D = [ 652 935 963 1072 1348 1487 1609 1643 1811 2119 2192 2314 2550 2679 2852 2905 3131 3223 3411 3485 3568 3833 3912 4190 4325 4108 3866 3698 3505 3364 3193 3019 2817 2723 2510 2593 2845 2959 3124 3396 3473 3308 2905 2619 2434 2056 1871 1567 1212 1446 1617 1737 1908 1893 2195 2209 2398 2510 2697 2775 2852 2947 3102 3314 3399 3454 3765 3765 3889 3994 4281 4304 4500 4223 4139 3929 3551 3439 3280 2928 2722 2602 2433 2723 2910 3171 3342 3588 3828 3493 3320 2945 2573 2227 1932 1709 ]
