n = 20 ; 
T = 96 ; 
Init = [ 1 1 1 0 0 1 1 1 0 1 1 1 0 1 0 0 1 0 0 0 ]
L = [ 10 7 17 8 15 17 8 19 10 18 19 19 11 16 12 12 17 16 10 4 ]
l = [ 10 7 17 8 15 17 8 19 10 18 19 19 11 16 12 12 17 16 10 4 ]
Pmin = [ 170 104 389 140 332 392 165 419 193 361 413 420 216 315 214 243 392 328 214 65 ]
Pmax = [ 170 104 389 140 332 392 165 419 193 361 413 420 216 315 214 243 392 328 214 65 ]
cf = [ 50.7379 59.4145 56.1759 43.8066 53.2619 62.4587 19.6427 46.7569 64.6248 35.5049 65.41 69.1252 21.0424 53.9283 59.7959 16.5937 44.5093 12.9079 68.2082 56.5325 ]
c0 = [ 131 108 250 134 224 250 117 250 138 236 250 250 173 215 157 184 250 220 161 68 ]
cp = [ 26.9926 38.6101 9.81443 22.3044 16.3781 20.6487 28.2555 9.86483 26.3223 21.3402 10.8315 8.81137 27.0702 13.3831 14.0483 22.1587 10.1254 20.1639 27.4487 41.448 ]
D = [ 589 780 973 1093 1274 1358 1552 1761 2037 2191 2229 2534 2753 2877 3038 3163 3384 3556 3729 3853 4044 4281 4495 4584 4796 4584 4356 4095 3888 3684 3416 3159 2973 2723 2616 2879 2981 3336 3432 3637 3973 3585 3372 3001 2767 2338 2121 1731 1287 1447 1586 1845 1991 2084 2148 2305 2546 2569 2753 2757 3089 3106 3187 3444 3532 3590 3753 3978 4145 4259 4368 4429 4648 4353 4171 3957 3747 3474 3429 3140 2893 2854 2489 2857 2974 3143 3332 3557 3817 3316 3076 2795 2380 2088 1727 1267 ]
