n = 20 ; 
T = 96 ; 
Init = [ 0 0 1 0 1 0 1 0 1 0 0 1 0 1 1 1 1 0 0 1 ]
L = [ 14 14 16 16 14 14 17 17 9 13 13 15 15 5 16 10 10 8 10 19 ]
l = [ 14 14 16 16 14 14 17 17 9 13 13 15 15 5 16 10 10 8 10 19 ]
Pmin = [ 284 284 338 320 306 306 334 334 181 282 282 310 310 77 334 173 173 132 204 420 ]
Pmax = [ 284 284 338 320 306 306 334 334 181 282 282 310 310 77 334 173 173 132 204 420 ]
cf = [ 32.3369 32.3369 28.8225 39.7203 67.2313 67.2313 55.2411 55.2411 14.2798 39.5784 39.5784 7.97965 7.97965 37.0106 43.2657 69.2402 69.2402 30.3483 54.9256 16.9251 ]
c0 = [ 213 213 220 207 215 215 236 236 145 190 190 203 203 83 231 125 125 116 154 250 ]
cp = [ 32.0449 32.0449 18.6058 14.8625 20.1977 20.1977 23.7793 23.7793 32.2088 23.3539 23.3539 21.2315 21.2315 40.559 15.4949 22.3204 22.3204 36.0024 25.1732 11.2342 ]
D = [ 878 953 1214 1327 1416 1623 1640 1917 1960 2262 2303 2415 2598 2738 2942 2946 3168 3249 3529 3631 3733 3914 3958 4125 4380 4090 4048 3718 3662 3337 3195 3014 2818 2594 2382 2696 2902 2929 3177 3282 3467 3349 2961 2725 2403 2075 1898 1654 1315 1518 1642 1764 1914 1893 2144 2352 2375 2432 2629 2813 2843 2975 3183 3259 3458 3590 3671 3833 4056 4180 4302 4477 4506 4322 4044 3972 3782 3550 3357 3061 2898 2695 2387 2617 2835 3023 3128 3235 3544 3254 2953 2700 2407 1982 1869 1442 ]
