n = 20 ; 
T = 96 ; 
Init = [ 0 1 1 0 1 1 1 0 1 1 0 0 1 0 1 1 1 0 0 1 ]
L = [ 4 17 7 8 12 5 18 17 9 11 18 7 12 13 18 9 17 18 13 15 ]
l = [ 4 17 7 8 12 5 18 17 9 11 18 7 12 13 18 9 17 18 13 15 ]
Pmin = [ 70 357 126 151 261 59 374 368 179 236 363 107 233 274 384 153 358 379 261 303 ]
Pmax = [ 70 357 126 151 261 59 374 368 179 236 363 107 233 274 384 153 358 379 261 303 ]
cf = [ 61.5831 7.52361 10.3324 67.8767 52.483 37.8546 9.42565 52.6768 23.2327 33.7099 49.1092 67.6432 64.6453 14.3723 11.819 63.8263 10.9743 19.7224 20.3627 32.5646 ]
c0 = [ 89 235 118 120 194 79 236 246 138 170 236 92 163 198 250 107 235 248 191 217 ]
cp = [ 40.2599 18.473 33.1156 32.6843 20.0592 38.6464 12.2957 11.5787 26.4522 28.1656 10.9227 39.5241 27.9219 24.4505 10.8303 21.5992 29.3293 11.0742 20.6656 16.1792 ]
D = [ 616 744 907 1055 1136 1405 1442 1549 1827 1848 2094 2144 2267 2456 2604 2758 2807 3009 3154 3240 3435 3548 3664 3885 3999 3859 3610 3515 3295 3162 2950 2875 2733 2546 2482 2608 2693 2855 3135 3176 3406 3152 2832 2590 2202 2077 1667 1376 1217 1335 1291 1533 1556 1756 1933 1978 2121 2193 2250 2361 2524 2721 2747 2901 3023 3103 3318 3474 3522 3597 3654 3865 4002 3780 3575 3507 3415 3127 3103 2936 2647 2645 2417 2539 2756 2907 3141 3197 3303 3034 2827 2536 2346 2046 1791 1421 ]
