n = 20 ; 
T = 96 ; 
Init = [ 0 1 0 1 0 0 1 0 1 1 0 1 0 0 1 1 1 0 0 0 ]
L = [ 9 19 13 13 9 7 12 14 19 18 12 11 19 6 8 19 8 14 6 20 ]
l = [ 9 19 13 13 9 7 12 14 19 18 12 11 19 6 8 19 8 14 6 20 ]
Pmin = [ 158 420 288 259 139 116 255 310 396 408 232 216 417 89 160 409 124 288 70 420 ]
Pmax = [ 158 420 288 259 139 116 255 310 396 408 232 216 417 89 160 409 124 288 70 420 ]
cf = [ 18.3743 58.1697 42.8486 59.2635 31.6966 56.0891 41.3113 29.6743 47.7459 68.5366 34.2261 17.465 42.8667 62.4842 39.0549 61.097 21.6589 17.6362 32.4187 22.7533 ]
c0 = [ 127 250 199 188 116 102 188 212 250 250 182 168 250 91 118 250 109 218 70 250 ]
cp = [ 30.0162 11.6993 19.5485 22.2657 32.8683 34.4485 23.4776 15.9744 10.6291 11.7213 28.8589 20.3339 9.57318 38.8433 33.775 11.0424 26.4061 27.9203 38.9065 9.72926 ]
D = [ 855 1116 1306 1482 1587 1681 1770 1995 2043 2371 2514 2635 2729 2836 3012 3168 3362 3487 3530 3783 3838 4137 4271 4314 4468 4208 4028 3884 3692 3371 3199 3044 2836 2516 2389 2585 2848 3108 3191 3545 3794 3339 3132 2793 2487 2118 1978 1527 1315 1350 1506 1729 1801 2030 2088 2245 2328 2448 2613 2783 2802 2933 3136 3184 3359 3496 3563 3776 4009 4041 4252 4229 4424 4136 4055 3766 3627 3364 3094 2899 2730 2485 2192 2439 2768 3068 3341 3432 3720 3465 3223 2835 2580 2220 1939 1727 ]
