n = 20 ; 
T = 96 ; 
Init = [ 1 0 0 0 1 0 1 0 1 1 0 1 1 0 1 0 0 1 1 0 ]
L = [ 7 13 17 12 17 6 5 8 18 6 6 13 5 10 14 12 15 4 20 6 ]
l = [ 7 13 17 12 17 6 5 8 18 6 6 13 5 10 14 12 15 4 20 6 ]
Pmin = [ 103 267 381 257 387 118 60 126 384 87 75 263 76 175 279 242 307 41 420 93 ]
Pmax = [ 103 267 381 257 387 118 60 126 384 87 75 263 76 175 279 242 307 41 420 93 ]
cf = [ 28.4966 59.606 30.7925 18.228 36.9261 36.0198 7.27566 7.50937 9.39413 68.432 16.4435 16.3818 69.7543 57.0939 13.2467 20.6281 46.4316 27.773 60.4019 52.9855 ]
c0 = [ 90 186 244 191 239 117 72 103 233 79 83 185 100 138 177 171 201 71 250 75 ]
cp = [ 28.7784 27.4084 17.4369 24.0551 18.4717 36.6932 39.0673 32.698 12.5561 41.1955 36.1635 18.8445 39.9881 17.1165 19.3253 15.8426 20.6278 41.1357 8.64642 36.7233 ]
D = [ 503 590 745 817 950 1101 1214 1272 1354 1586 1688 1769 1933 2036 2121 2275 2404 2489 2621 2720 2850 2850 3010 3096 3323 3052 2966 2751 2664 2563 2385 2295 2016 1877 1745 1951 2167 2350 2499 2682 2833 2559 2299 2089 1802 1660 1340 1067 826 978 1158 1130 1345 1459 1492 1606 1690 1783 1914 2009 2118 2136 2277 2399 2545 2550 2653 2764 2897 3029 3093 3174 3226 3154 3052 2789 2667 2498 2354 2226 2109 1897 1790 1936 2035 2159 2319 2551 2668 2511 2243 2020 1782 1704 1503 1162 ]
