n = 20 ; 
T = 96 ; 
Init = [ 1 1 0 1 1 1 0 0 0 1 1 0 1 0 1 1 1 1 1 0 ]
L = [ 16 14 16 19 17 12 13 18 9 9 18 14 10 18 5 11 14 14 14 4 ]
l = [ 16 14 16 19 17 12 13 18 9 9 18 14 10 18 5 11 14 14 14 4 ]
Pmin = [ 328 296 351 420 357 247 263 400 171 170 403 309 184 393 60 200 282 305 276 50 ]
Pmax = [ 328 296 351 420 357 247 263 400 171 170 403 309 184 393 60 200 282 305 276 50 ]
cf = [ 17.6893 34.8666 37.3278 55.8784 59.1627 60.8513 64.6338 58.0068 37.7051 51.9664 44.7427 59.1204 27.0942 11.9733 23.7428 40.2148 49.06 69.5552 66.9641 65.8557 ]
c0 = [ 213 217 227 250 236 177 180 250 124 134 250 213 137 250 68 151 211 209 210 85 ]
cp = [ 33.2477 18.791 14.8394 8.97679 8.93683 12.0497 21.8867 10.684 33.6434 34.648 11.8122 17.2674 20.3352 15.9242 34.7741 21.426 21.1102 21.0536 25.6532 41.3466 ]
D = [ 634 658 817 986 1131 1284 1501 1701 1862 1936 2147 2313 2400 2590 2892 3025 3191 3338 3368 3688 3873 3956 4102 4352 4427 4207 3933 3835 3694 3379 3107 3046 2796 2523 2470 2631 2776 3004 3205 3552 3695 3411 3028 2766 2511 2271 1779 1530 1290 1399 1468 1597 1837 2010 1998 2125 2432 2560 2641 2876 2953 2971 3128 3412 3407 3689 3690 3915 4124 4174 4254 4533 4604 4387 4163 3968 3772 3427 3247 3057 2883 2633 2431 2622 2870 3183 3361 3575 3877 3607 3123 2771 2581 2115 1706 1371 ]
