n = 20 ; 
T = 96 ; 
Init = [ 0 1 0 1 1 0 0 0 1 0 0 1 0 0 1 1 1 1 1 0 ]
L = [ 15 9 14 14 9 14 16 15 8 16 16 14 14 13 13 7 7 6 8 8 ]
l = [ 15 9 14 14 9 14 16 15 8 16 16 14 14 13 13 7 7 6 8 8 ]
Pmin = [ 323 165 295 295 141 312 355 291 138 341 341 302 302 256 256 113 113 89 120 120 ]
Pmax = [ 323 165 295 295 141 312 355 291 138 341 341 302 302 256 256 113 113 89 120 120 ]
cf = [ 9.32769 66.9233 7.75474 7.75474 37.4681 33.5843 47.2315 51.2683 54.7892 35.2072 35.2072 40.6866 40.6866 43.0324 43.0324 69.1649 69.1649 66.2854 59.1249 59.1249 ]
c0 = [ 222 124 194 194 102 223 239 216 120 238 238 222 222 175 175 101 101 79 103 103 ]
cp = [ 19.8727 36.6652 23.3664 23.3664 26.6751 17.6101 12.5874 25.7176 37.5737 15.0329 15.0329 26.8868 26.8868 24.2804 24.2804 37.1439 37.1439 40.235 38.8131 38.8131 ]
D = [ 710 961 1013 1148 1245 1484 1558 1641 1890 2045 2117 2232 2398 2480 2713 2723 2982 3114 3116 3356 3525 3613 3702 3928 4072 3838 3649 3385 3200 3053 2929 2646 2445 2238 2127 2277 2563 2610 2880 3109 3347 3085 2826 2456 2141 1980 1657 1466 1181 1184 1415 1451 1628 1615 1828 1878 1931 2053 2264 2301 2503 2496 2620 2842 2906 3061 3152 3225 3392 3383 3583 3688 3798 3628 3391 3378 3052 2957 2883 2696 2492 2366 2104 2278 2340 2492 2776 2779 2942 2769 2483 2351 2058 1786 1593 1252 ]
