n = 20 ; 
T = 96 ; 
Init = [ 1 0 1 0 1 1 1 0 0 0 0 0 0 0 1 1 1 1 0 1 ]
L = [ 11 8 14 19 19 12 10 16 17 17 11 11 7 7 11 14 11 11 10 10 ]
l = [ 11 8 14 19 19 12 10 16 17 17 11 11 7 7 11 14 11 11 10 10 ]
Pmin = [ 202 117 295 420 420 250 203 333 359 359 231 231 104 104 199 294 208 208 195 195 ]
Pmax = [ 202 117 295 420 420 250 203 333 359 359 231 231 104 104 199 294 208 208 195 195 ]
cf = [ 67.6265 57.0132 15.2739 34.8207 34.8207 16.3526 40.2198 33.0434 10.8547 10.8547 7.17949 7.17949 44.7181 44.7181 63.4477 42.3923 8.56543 8.56543 45.2804 45.2804 ]
c0 = [ 155 107 218 250 250 189 154 220 233 233 175 175 100 100 170 206 152 152 153 153 ]
cp = [ 33.914 23.9941 19.7989 11.8585 11.8585 25.5461 24.6159 12.5858 13.4413 13.4413 24.0018 24.0018 41.4422 41.4422 26.3594 27.71 28.7456 28.7456 30.2316 30.2316 ]
D = [ 836 929 1170 1318 1460 1471 1697 1808 1880 1981 2220 2360 2441 2616 2746 2754 2983 3052 3144 3297 3357 3530 3742 3791 3872 3708 3577 3498 3363 3131 2916 2738 2651 2549 2390 2484 2612 2898 2975 3227 3306 3047 2864 2629 2417 2056 1880 1588 1350 1349 1521 1727 1761 1838 2075 2222 2251 2475 2520 2612 2843 2800 3019 3173 3205 3313 3545 3581 3772 3852 3940 4033 4203 4112 3900 3609 3336 3259 3065 2874 2492 2347 2238 2352 2567 2798 2936 3237 3388 3132 2726 2489 2247 1937 1551 1217 ]
