n = 20 ; 
T = 96 ; 
Init = [ 0 0 1 1 0 1 1 0 0 0 1 1 0 0 1 0 1 0 0 0 ]
L = [ 16 18 18 7 4 4 4 4 12 18 18 6 6 16 8 8 8 6 5 19 ]
l = [ 16 18 18 7 4 4 4 4 12 18 18 6 6 16 8 8 8 6 5 19 ]
Pmin = [ 360 372 372 129 31 31 62 62 262 390 390 94 94 351 133 133 128 79 39 420 ]
Pmax = [ 360 372 372 129 31 31 62 62 262 390 390 94 94 351 133 133 128 79 39 420 ]
cf = [ 9.87381 14.6315 14.6315 60.2466 32.1945 32.1945 18.1319 18.1319 42.4489 45.7836 45.7836 8.39442 8.39442 45.4738 52.9178 52.9178 55.0575 24.7431 60.3034 45.7805 ]
c0 = [ 246 245 245 109 63 63 78 78 186 250 250 94 94 248 100 100 100 86 50 250 ]
cp = [ 19.7607 9.69383 9.69383 31.6301 36.573 36.573 41.3834 41.3834 18.8982 10.1124 10.1124 37.5525 37.5525 28.6843 38.1927 38.1927 22.6992 37.9894 40.7196 11.0268 ]
D = [ 452 567 602 771 901 958 1110 1250 1269 1359 1468 1681 1778 1803 1959 2073 2243 2332 2384 2522 2673 2798 2821 2999 3011 2982 2873 2690 2572 2375 2287 2142 2089 1926 1699 1967 2053 2311 2468 2602 2838 2601 2304 2134 1951 1699 1391 1267 1007 1145 1138 1222 1382 1464 1562 1657 1643 1727 1901 1995 1985 2114 2123 2199 2315 2428 2569 2668 2706 2758 2896 2903 3009 2891 2772 2658 2526 2394 2289 2054 1977 1781 1688 1810 2019 2063 2197 2449 2494 2366 2136 1877 1655 1490 1224 1034 ]
