n = 20 ; 
T = 96 ; 
Init = [ 0 0 0 1 1 1 1 1 0 1 1 0 1 1 1 1 0 0 1 1 ]
L = [ 12 7 4 11 18 16 14 12 13 20 16 9 19 14 19 8 18 5 14 20 ]
l = [ 12 7 4 11 18 16 14 12 13 20 16 9 19 14 19 8 18 5 14 20 ]
Pmin = [ 222 128 48 228 401 345 281 228 269 420 333 154 399 285 420 126 371 67 282 420 ]
Pmax = [ 222 128 48 228 401 345 281 228 269 420 333 154 399 285 420 126 371 67 282 420 ]
cf = [ 63.0235 23.6746 54.2136 32.5211 11.5133 49.5199 32.0107 40.0686 56.2996 48.8473 60.3378 32.3357 24.1835 24.9471 23.5294 67.3725 30.0905 20.4814 48.7721 9.67313 ]
c0 = [ 170 104 62 165 250 222 205 173 185 250 220 118 250 211 250 118 240 78 200 250 ]
cp = [ 25.534 28.6474 41.8158 32.8471 11.2304 13.7138 27.2006 16.1386 24.5371 12.3612 16.2011 26.2882 12.8537 18.5426 11.9056 26.8781 12 34.4943 19.2379 9.57091 ]
D = [ 937 1042 1103 1361 1468 1636 1782 1964 2028 2105 2421 2406 2627 2768 3005 3003 3180 3328 3500 3680 3823 3934 4196 4308 4309 4298 3998 3728 3577 3453 3102 2942 2776 2539 2489 2746 2991 3202 3493 3655 3996 3651 3247 2858 2507 2192 1854 1533 1285 1401 1375 1661 1679 1786 1921 2019 2176 2352 2486 2608 2736 2865 2971 3050 3210 3417 3576 3734 3679 3993 3941 4114 4233 4102 4001 3849 3572 3494 3335 3025 2936 2824 2471 2805 2804 2993 3296 3325 3561 3255 3062 2683 2577 2162 1934 1660 ]
