n = 20 ; 
T = 96 ; 
Init = [ 1 1 0 1 0 0 0 0 1 0 1 1 1 0 1 0 0 0 1 1 ]
L = [ 14 18 12 20 12 13 20 8 18 4 6 9 10 13 12 13 5 16 15 9 ]
l = [ 14 18 12 20 12 13 20 8 18 4 6 9 10 13 12 13 5 16 15 9 ]
Pmin = [ 273 388 227 420 244 268 418 163 388 44 80 140 187 259 233 260 79 326 330 174 ]
Pmax = [ 273 388 227 420 244 268 418 163 388 44 80 140 187 259 233 260 79 326 330 174 ]
cf = [ 51.2103 41.8649 42.718 9.74148 14.9833 45.6264 51.5597 25.7959 49.7878 27.1209 49.2328 29.4043 27.4031 12.6769 30.3641 65.1105 55.4229 69.9412 15.6297 61.3258 ]
c0 = [ 194 240 166 250 184 199 250 130 247 52 86 127 144 182 160 187 70 214 219 139 ]
cp = [ 12.7849 13.5839 19.3376 9.79063 18.748 20.7758 8.64474 35.5176 10.3026 41.9245 37.2615 33.4349 36.079 33.0909 26.9997 28.7016 34.6569 25.5302 18.6529 28.6194 ]
D = [ 670 730 872 1063 1229 1277 1467 1605 1835 1931 2085 2223 2336 2596 2801 2850 2993 3143 3365 3466 3666 3808 3882 4123 4289 3972 3952 3700 3476 3377 3172 2897 2706 2491 2256 2417 2616 2758 2905 3002 3267 2997 2659 2466 2124 1840 1543 1371 1028 1264 1249 1387 1614 1717 1821 1959 2046 2066 2203 2444 2419 2568 2679 2826 2973 3032 3115 3262 3432 3592 3668 3824 3957 3675 3539 3439 3205 3099 3031 2766 2600 2400 2335 2424 2712 2780 2890 3148 3297 2961 2697 2418 2113 1843 1593 1138 ]
