n = 20 ; 
T = 96 ; 
Init = [ 1 1 1 0 0 0 1 0 1 1 0 0 0 0 0 0 0 1 0 1 ]
L = [ 11 10 5 5 7 7 12 20 20 17 17 17 17 8 8 12 12 18 17 17 ]
l = [ 11 10 5 5 7 7 12 20 20 17 17 17 17 8 8 12 12 18 17 17 ]
Pmin = [ 195 205 83 83 135 135 248 420 420 393 393 341 341 113 113 239 239 400 369 369 ]
Pmax = [ 195 205 83 83 135 135 248 420 420 393 393 341 341 113 113 239 239 400 369 369 ]
cf = [ 57.3289 37.0674 15.4638 15.4638 64.2725 64.2725 53.3485 28.5175 28.5175 59.5827 59.5827 63.0643 63.0643 38.8927 38.8927 63.5291 63.5291 11.2393 23.9352 23.9352 ]
c0 = [ 159 148 92 92 113 113 184 250 250 246 246 230 230 90 90 175 175 250 250 250 ]
cp = [ 24.2043 29.9963 34.7971 34.7971 34.6245 34.6245 32.9588 8.06874 8.06874 16.9447 16.9447 23.838 23.838 37.4867 37.4867 21.7995 21.7995 11.5306 18.6012 18.6012 ]
D = [ 911 1088 1167 1432 1514 1573 1837 2050 2043 2264 2444 2553 2677 2867 3095 3101 3324 3399 3635 3719 3826 4058 4174 4310 4467 4326 4054 3867 3783 3432 3396 3084 2954 2656 2461 2649 2837 3142 3202 3427 3613 3385 3060 2710 2332 2087 1787 1484 1124 1205 1347 1454 1650 1800 1827 2059 2176 2279 2384 2398 2694 2798 2813 3034 3202 3255 3473 3545 3596 3787 3997 4127 4150 4076 3907 3740 3429 3224 3061 2866 2805 2655 2438 2597 2812 3030 3099 3302 3494 3077 2896 2600 2351 2056 1658 1449 ]
