n = 20 ; 
T = 96 ; 
Init = [ 0 0 1 0 1 0 0 0 0 0 0 0 1 1 0 1 0 0 1 0 ]
L = [ 14 14 19 11 11 8 8 6 18 18 16 8 13 7 7 6 10 6 8 19 ]
l = [ 14 14 19 11 11 8 8 6 18 18 16 8 13 7 7 6 10 6 8 19 ]
Pmin = [ 287 287 420 237 237 149 149 99 384 384 359 153 276 137 137 94 199 78 146 412 ]
Pmax = [ 287 287 420 237 237 149 149 99 384 384 359 153 276 137 137 94 199 78 146 412 ]
cf = [ 49.4081 49.4081 62.5824 13.5747 13.5747 29.4117 29.4117 47.8322 32.4494 32.4494 41.1719 43.2147 46.276 30.6442 30.6442 68.5809 57.6844 8.72327 8.21541 17.1853 ]
c0 = [ 197 197 250 156 156 118 118 77 250 250 239 118 174 122 122 91 161 90 125 250 ]
cp = [ 11.1832 11.1832 14.544 30.305 30.305 27.9219 27.9219 32.1405 8.43579 8.43579 16.0303 27.2921 17.9926 38.5141 38.5141 38.8577 30.0808 39.0926 21.6501 12.3601 ]
D = [ 799 887 1010 1165 1273 1448 1483 1626 1839 1915 2108 2111 2380 2409 2589 2647 2778 2929 3025 3154 3329 3408 3610 3598 3851 3612 3374 3276 3161 2958 2770 2571 2499 2310 2141 2258 2493 2776 2912 3066 3302 3001 2700 2407 2180 1934 1575 1187 948 1054 1162 1363 1397 1574 1659 1826 1814 2035 2129 2263 2314 2488 2482 2610 2714 2826 2983 3085 3193 3356 3529 3521 3623 3448 3428 3184 3093 2865 2823 2724 2489 2443 2264 2414 2560 2649 2854 3042 3072 2846 2643 2367 2033 1881 1620 1277 ]
