n = 20 ; 
T = 96 ; 
Init = [ 0 1 0 1 0 1 1 0 1 1 0 1 0 0 0 1 1 0 0 0 ]
L = [ 7 6 20 12 5 6 5 11 19 13 14 12 13 9 4 6 4 20 10 9 ]
l = [ 7 6 20 12 5 6 5 11 19 13 14 12 13 9 4 6 4 20 10 9 ]
Pmin = [ 132 72 420 264 50 92 79 220 407 255 266 216 261 165 61 91 51 416 183 145 ]
Pmax = [ 132 72 420 264 50 92 79 220 407 255 266 216 261 165 61 91 51 416 183 145 ]
cf = [ 37.9509 34.8089 57.2294 7.67657 61.6915 37.3207 45.117 7.53353 10.0517 57.4299 24.5243 16.1449 16.3752 42.8434 45.0436 59.8815 59.7835 49.244 12.4907 15.959 ]
c0 = [ 114 72 250 193 69 86 69 148 250 168 183 160 185 132 69 101 51 250 145 105 ]
cp = [ 37.4045 39.0123 9.00836 16.9872 38.6892 32.1598 38.7966 30.5684 8.86785 19.1168 23.2463 34.4312 25.0152 17.8684 41.9274 38.6941 41.2319 8.2034 24.3453 29.6794 ]
D = [ 648 712 915 991 1004 1081 1221 1365 1490 1523 1647 1719 1906 1948 2026 2178 2286 2345 2499 2527 2591 2777 2805 2983 3088 2888 2797 2596 2534 2306 2181 2057 1931 1770 1623 1855 1979 2180 2318 2605 2738 2491 2203 2013 1709 1535 1261 1101 798 953 1011 1106 1168 1300 1331 1439 1581 1624 1741 1722 1890 1930 2000 2197 2204 2252 2410 2544 2541 2610 2815 2877 2909 2836 2703 2534 2466 2322 2118 1984 1907 1810 1683 1747 1998 2118 2339 2507 2719 2415 2196 1935 1720 1483 1193 1034 ]
