n = 20 ; 
T = 96 ; 
Init = [ 0 1 1 1 0 1 0 0 1 0 0 1 0 1 1 0 1 0 1 0 ]
L = [ 19 19 10 7 14 14 9 9 13 13 5 5 9 5 19 19 4 4 17 16 ]
l = [ 19 19 10 7 14 14 9 9 13 13 5 5 9 5 19 19 4 4 17 16 ]
Pmin = [ 420 420 181 92 267 267 174 174 272 272 55 55 190 45 420 420 46 46 360 354 ]
Pmax = [ 420 420 181 92 267 267 174 174 272 272 55 55 190 45 420 420 46 46 360 354 ]
cf = [ 40.3414 40.3414 30.3839 57.0045 10.7881 10.7881 55.8796 55.8796 64.5455 64.5455 17.513 17.513 10.7335 40.5713 15.2616 15.2616 31.5169 31.5169 7.54363 49.6635 ]
c0 = [ 250 250 142 93 179 179 129 129 210 210 73 73 145 53 250 250 58 58 244 233 ]
cp = [ 10.3714 10.3714 22.3951 33.0977 18.4209 18.4209 31.0712 31.0712 28.5257 28.5257 40.4333 40.4333 29.1473 40.6435 9.33225 9.33225 41.4692 41.4692 19.7265 14.9642 ]
D = [ 542 692 790 1001 1089 1335 1325 1551 1702 1736 1916 2090 2165 2327 2414 2588 2793 2817 2937 3190 3230 3346 3587 3737 3857 3701 3446 3343 3106 2909 2777 2650 2470 2302 2088 2351 2455 2586 2777 2899 3094 2905 2641 2353 2027 1717 1469 1214 904 1117 1206 1404 1527 1513 1639 1729 1913 2077 2152 2332 2447 2461 2586 2672 2881 2968 3090 3212 3301 3401 3463 3672 3789 3571 3500 3330 3079 2924 2740 2562 2340 2128 2032 2172 2352 2622 2736 2983 3136 2913 2600 2291 1966 1662 1487 1255 ]
