n = 20 ; 
T = 96 ; 
Init = [ 1 1 1 1 0 1 0 0 0 1 1 1 1 1 0 1 0 1 0 0 ]
L = [ 5 8 6 12 17 13 5 12 5 18 20 10 11 7 4 11 5 6 6 13 ]
l = [ 5 8 6 12 17 13 5 12 5 18 20 10 11 7 4 11 5 6 6 13 ]
Pmin = [ 51 139 99 223 386 275 81 232 57 399 420 203 213 113 42 229 66 94 107 270 ]
Pmax = [ 51 139 99 223 386 275 81 232 57 399 420 203 213 113 42 229 66 94 107 270 ]
cf = [ 68.6737 8.66945 37.2036 64.7523 24.7551 38.7864 58.6323 11.0522 30.9783 58.3335 22.4179 21.7304 11.2498 25.3357 41.1586 7.14463 51.1067 33.7007 46.4485 35.8171 ]
c0 = [ 68 108 85 149 250 187 99 169 83 250 250 170 158 96 61 171 90 102 115 183 ]
cp = [ 39.8726 33.2067 37.5547 31.2081 15.9749 25.3442 37.7477 25.2814 41.3152 18.4004 8.35075 21.6535 36.672 35.5487 40.8884 30.9037 40.3474 35.6264 29.814 27.0507 ]
D = [ 330 482 628 715 748 876 1022 1062 1248 1320 1408 1493 1607 1727 1853 1892 2068 2193 2211 2285 2443 2521 2687 2808 2913 2702 2561 2501 2381 2229 2146 2039 1936 1764 1640 1827 1907 1923 2046 2210 2326 2131 1973 1665 1486 1352 1111 1006 792 901 962 950 1037 1158 1277 1332 1490 1489 1562 1668 1794 1814 1892 2057 2092 2225 2267 2432 2472 2532 2582 2682 2827 2634 2613 2424 2292 2276 2062 2053 1928 1821 1713 1861 1927 2123 2240 2378 2619 2329 2093 1849 1623 1379 1214 937 ]
