n = 20 ; 
T = 96 ; 
Init = [ 0 0 0 0 0 0 0 1 0 0 1 0 1 1 1 1 0 0 0 1 ]
L = [ 4 6 6 12 13 6 18 18 10 16 18 20 14 15 8 11 18 7 7 5 ]
l = [ 4 6 6 12 13 6 18 18 10 16 18 20 14 15 8 11 18 7 7 5 ]
Pmin = [ 30 93 91 247 238 107 400 402 193 324 402 420 283 336 130 234 403 108 119 53 ]
Pmax = [ 30 93 91 247 238 107 400 402 193 324 402 420 283 336 130 234 403 108 119 53 ]
cf = [ 10.557 61.9266 37.8483 8.80525 29.0319 39.2515 13.4561 57.6841 34.6679 67.082 12.5984 53.9181 40.9069 53.8193 47.1173 12.8323 34.2935 37.3728 41.846 27.745 ]
c0 = [ 56 90 104 190 176 98 250 250 148 223 250 250 197 229 97 165 250 113 104 56 ]
cp = [ 41.9447 36.1395 34.355 21.0473 22.4518 38.1939 10.0515 11.6194 32.4112 24.4584 13.7493 8.52619 29.2884 28.8417 25.4899 21.6969 10.8172 30.4629 38.313 30.6695 ]
D = [ 449 729 846 953 968 1255 1359 1510 1566 1760 1798 2049 2174 2162 2351 2562 2573 2705 2881 3094 3208 3293 3396 3518 3615 3551 3360 3176 3037 2918 2684 2565 2426 2177 2032 2325 2444 2651 2964 3174 3275 3007 2850 2625 2213 1945 1799 1433 1206 1279 1465 1452 1665 1663 1842 1932 2028 2083 2198 2377 2450 2473 2554 2785 2736 2978 2924 3044 3230 3221 3365 3553 3667 3459 3223 3081 3025 2771 2751 2481 2367 2265 2050 2242 2400 2624 2806 3128 3307 3004 2737 2388 2176 1889 1504 1142 ]
