n = 20 ; 
T = 96 ; 
Init = [ 1 0 1 0 0 0 1 0 0 1 0 1 1 0 1 1 0 1 1 0 ]
L = [ 19 8 6 9 4 9 10 14 14 15 13 15 15 15 8 17 6 17 19 19 ]
l = [ 19 8 6 9 4 9 10 14 14 15 13 15 15 15 8 17 6 17 19 19 ]
Pmin = [ 396 130 67 173 55 174 197 276 310 323 265 316 325 316 132 389 89 346 404 420 ]
Pmax = [ 396 130 67 173 55 174 197 276 310 323 265 316 325 316 132 389 89 346 404 420 ]
cf = [ 46.3621 44.1683 27.1021 22.0101 45.9465 30.8038 46.9696 27.5931 8.23399 17.9068 56.608 42.4454 7.31641 41.4839 52.4314 32.6317 45.1555 57.3182 12.9391 58.9372 ]
c0 = [ 250 125 89 122 73 136 146 208 205 210 195 215 213 199 106 250 88 231 250 250 ]
cp = [ 16.2659 32.1361 35.7035 35.9761 40.385 28.6541 20.5338 25.2342 27.5724 24.733 21.0725 27.2742 17.109 17.6994 37.0331 18.8864 41.4663 10.1283 8.99621 12.7274 ]
D = [ 601 779 763 922 1176 1337 1482 1543 1654 1783 2103 2168 2346 2421 2616 2822 2825 2978 3267 3371 3556 3600 3741 3963 4061 3833 3797 3668 3364 3327 3141 2821 2814 2464 2342 2647 2890 2970 3189 3582 3643 3292 3046 2770 2345 1960 1742 1359 997 1202 1259 1430 1582 1682 1906 2006 2090 2352 2428 2520 2831 2804 3105 3086 3244 3528 3536 3675 3860 3926 4161 4293 4475 4310 4045 3759 3688 3413 3093 2921 2710 2493 2350 2575 2741 2920 3290 3399 3698 3263 2957 2684 2268 1934 1689 1289 ]
