n = 20 ; 
T = 96 ; 
Init = [ 1 0 1 0 1 0 0 1 0 1 0 0 1 1 0 1 0 1 1 1 ]
L = [ 11 11 13 16 16 18 18 13 11 11 13 13 17 19 16 5 10 10 18 18 ]
l = [ 11 11 13 16 16 18 18 13 11 11 13 13 17 19 16 5 10 10 18 18 ]
Pmin = [ 234 234 272 324 324 386 386 262 211 211 283 283 350 420 330 79 180 180 401 401 ]
Pmax = [ 234 234 272 324 324 386 386 262 211 211 283 283 350 420 330 79 180 180 401 401 ]
cf = [ 34.0393 34.0393 14.8154 44.9723 44.9723 64.3651 64.3651 34.89 7.18029 7.18029 14.7788 14.7788 10.951 27.5596 35.8242 47.308 59.2204 59.2204 28.6575 28.6575 ]
c0 = [ 172 172 196 201 201 237 237 180 151 151 189 189 229 250 224 86 124 124 250 250 ]
cp = [ 33.0304 33.0304 33.9261 10.539 10.539 9.75771 9.75771 26.2083 34.4536 34.4536 17.2927 17.2927 13.871 8.95225 11.5267 35.6484 32.2129 32.2129 21.7774 21.7774 ]
D = [ 697 986 1084 1284 1483 1692 1897 2030 2128 2399 2432 2650 2946 2967 3240 3351 3624 3725 3946 4075 4218 4387 4646 4850 4980 4687 4432 4292 3914 3669 3596 3206 3075 2713 2563 2692 3025 3140 3442 3486 3698 3576 3166 3004 2729 2419 1982 1805 1534 1580 1786 1816 2060 2153 2259 2499 2545 2715 2852 2989 3250 3308 3360 3529 3682 3784 3959 4068 4264 4354 4478 4655 4811 4703 4441 4151 3900 3727 3547 3452 3185 3070 2865 2863 3075 3210 3521 3639 3804 3403 3023 2812 2543 2075 1893 1424 ]
