n = 20 ; 
T = 96 ; 
Init = [ 1 1 0 0 1 1 0 0 0 1 1 0 1 0 0 1 0 1 0 1 ]
L = [ 5 7 12 6 16 18 13 6 9 15 12 8 13 19 11 17 16 7 20 18 ]
l = [ 5 7 12 6 16 18 13 6 9 15 12 8 13 19 11 17 16 7 20 18 ]
Pmin = [ 88 103 226 97 347 410 288 81 177 340 250 157 277 404 236 349 330 122 415 412 ]
Pmax = [ 88 103 226 97 347 410 288 81 177 340 250 157 277 404 236 349 330 122 415 412 ]
cf = [ 20.7672 59.869 11.1031 31.3217 39.2271 18.0003 31.4009 65.9248 18.0391 67.2239 12.7488 15.7973 35.6909 21.6361 57.7785 17.8434 26.0799 58.8455 68.4142 60.7232 ]
c0 = [ 90 104 166 90 231 250 190 103 137 230 188 124 196 250 168 215 220 93 250 250 ]
cp = [ 29.6785 37.0273 23.6018 40.1399 17.0842 11.4276 12.82 39.7718 34.3657 12.5079 24.8269 38.4058 26.3146 11.4836 23.9108 20.433 9.81252 33.4712 8.64238 10.8691 ]
D = [ 884 1002 1275 1376 1470 1682 1853 1876 2130 2174 2408 2599 2683 2832 2880 3111 3286 3343 3632 3765 3930 3913 4071 4333 4344 4132 4072 3873 3617 3453 3141 3058 2867 2683 2368 2499 2754 2839 3035 3211 3382 3211 2788 2630 2275 1943 1682 1357 1086 1209 1392 1463 1728 1725 1930 2044 2118 2254 2379 2470 2681 2764 2940 3064 3171 3351 3474 3507 3548 3798 3948 3941 4214 4013 3749 3504 3437 3243 3004 2896 2702 2521 2174 2503 2578 2881 3014 3227 3355 3223 2951 2711 2352 2131 1893 1705 ]
