n = 20 ; 
T = 96 ; 
Init = [ 0 0 0 0 0 0 0 1 0 1 1 0 1 0 1 0 1 0 1 1 ]
L = [ 7 8 17 10 10 5 8 20 5 9 11 9 9 12 4 14 14 7 16 10 ]
l = [ 7 8 17 10 10 5 8 20 5 9 11 9 9 12 4 14 14 7 16 10 ]
Pmin = [ 101 128 380 183 183 51 159 420 68 159 203 149 149 251 58 283 283 119 364 202 ]
Pmax = [ 101 128 380 183 183 51 159 420 68 159 203 149 149 251 58 283 283 119 364 202 ]
cf = [ 22.9723 21.6673 59.5481 18.72 18.72 15.7501 8.52341 31.6868 8.41569 38.2553 18.5197 17.5689 17.5689 16.7442 28.2347 21.5114 21.5114 45.5217 50.6403 57.1452 ]
c0 = [ 99 108 232 150 150 61 133 250 66 138 154 120 120 183 77 209 209 93 235 156 ]
cp = [ 35.6167 38.5456 9.80149 29.5839 29.5839 38.743 29.4939 8.88866 41.167 28.8072 27.3258 27.939 27.939 22.5913 29.1314 17.0112 17.0112 35.1643 12.3807 22.345 ]
D = [ 449 586 690 894 911 1014 1128 1281 1467 1491 1638 1808 1883 1978 2075 2245 2339 2434 2491 2708 2718 2924 3017 3036 3224 3036 2909 2805 2565 2416 2336 2121 1996 1769 1645 1893 1985 2190 2340 2505 2761 2551 2241 2064 1837 1651 1393 1286 1030 1073 1231 1199 1405 1473 1492 1562 1701 1796 1893 1957 2080 2110 2228 2241 2383 2489 2581 2592 2746 2740 2880 2926 3019 2912 2753 2668 2499 2390 2303 2053 2040 1887 1659 1898 1997 2112 2197 2349 2474 2385 2192 2029 1746 1584 1350 1261 ]
