n = 20 ; 
T = 96 ; 
Init = [ 1 1 0 0 0 0 0 0 1 1 1 1 0 1 0 1 1 1 1 0 ]
L = [ 18 4 13 6 19 20 13 13 8 18 10 5 17 13 8 6 7 9 5 5 ]
l = [ 18 4 13 6 19 20 13 13 8 18 10 5 17 13 8 6 7 9 5 5 ]
Pmin = [ 390 25 246 93 403 420 266 267 151 402 205 64 352 259 143 66 117 181 41 62 ]
Pmax = [ 390 25 246 93 403 420 266 267 151 402 205 64 352 259 143 66 117 181 41 62 ]
cf = [ 61.311 57.1116 43.6518 14.7285 44.3857 64.1948 62.132 34.5764 9.20797 36.9522 55.9007 9.35125 58.2401 32.9998 29.0949 28.9448 50.5791 58.8953 43.2724 49.8918 ]
c0 = [ 250 56 176 86 250 250 182 193 125 250 167 93 227 186 113 75 117 135 58 77 ]
cp = [ 14.9133 40.7816 27.8126 39.2623 14.5133 8.02709 19.6418 23.2768 24.5256 21.3563 25.0216 36.4312 13.3631 34.643 33.7224 35.5411 39.0482 38.5411 38.0436 40.2599 ]
D = [ 621 602 808 934 989 1140 1281 1476 1595 1667 1783 1949 2016 2216 2322 2455 2550 2695 2795 2830 2966 3065 3301 3307 3519 3337 3177 2963 2794 2670 2455 2302 2186 2054 1904 2060 2295 2352 2580 2812 2968 2619 2473 2154 1882 1720 1410 1261 1018 1121 1201 1255 1361 1537 1585 1728 1852 1909 1949 2103 2172 2341 2404 2503 2574 2692 2772 2887 2954 3107 3196 3344 3433 3215 3068 2966 2906 2726 2513 2426 2246 2160 1875 2166 2324 2454 2636 2815 2899 2764 2439 2235 2016 1802 1594 1344 ]
