n = 20 ; 
T = 96 ; 
Init = [ 1 1 1 1 0 0 0 0 1 0 1 1 0 0 1 1 1 1 1 0 ]
L = [ 13 11 8 20 16 18 7 20 12 6 5 16 7 11 10 13 9 4 13 7 ]
l = [ 13 11 8 20 16 18 7 20 12 6 5 16 7 11 10 13 9 4 13 7 ]
Pmin = [ 247 220 125 420 359 407 111 420 245 72 72 333 118 221 198 281 148 69 260 120 ]
Pmax = [ 247 220 125 420 359 407 111 420 245 72 72 333 118 221 198 281 148 69 260 120 ]
cf = [ 54.5624 25.0532 66.9256 62.427 47.0363 13.4164 53.1041 61.4237 37.7804 60.8162 34.5196 11.8964 47.472 38.0003 28.8939 24.1638 9.79491 23.0893 10.5426 44.3526 ]
c0 = [ 189 177 98 250 248 250 103 250 187 77 69 219 92 168 134 193 122 71 171 114 ]
cp = [ 16.5208 25.123 32.5411 8.75405 21.7176 9.63629 36.9804 8.69439 18.3237 36.8658 32.2466 27.8535 34.7414 30.2669 33.9577 22.0011 34.7757 38.8633 28.7339 35.6793 ]
D = [ 611 852 855 1043 1127 1363 1394 1563 1746 1765 1895 2152 2274 2425 2461 2641 2724 2864 2974 3194 3310 3408 3592 3581 3807 3611 3459 3201 3103 2912 2736 2613 2372 2230 2004 2213 2353 2525 2612 2803 3026 2687 2421 2209 1892 1692 1369 1166 884 910 1006 1138 1350 1363 1573 1609 1784 1886 2017 2066 2117 2298 2326 2551 2658 2719 2846 2879 3099 3118 3260 3384 3507 3303 3255 3055 2843 2693 2705 2538 2307 2145 2002 2162 2354 2600 2689 2787 3026 2751 2565 2201 1998 1732 1485 1281 ]
