n = 20 ; 
T = 96 ; 
Init = [ 0 1 1 0 1 0 1 1 1 0 1 0 0 1 0 0 0 0 1 0 ]
L = [ 9 9 10 10 12 9 19 8 5 14 12 15 5 8 9 7 12 13 13 11 ]
l = [ 9 9 10 10 12 9 19 8 5 14 12 15 5 8 9 7 12 13 13 11 ]
Pmin = [ 155 159 188 194 243 186 404 151 81 297 225 299 87 122 163 100 228 243 276 228 ]
Pmax = [ 155 159 188 194 243 186 404 151 81 297 225 299 87 122 163 100 228 243 276 228 ]
cf = [ 9.26177 64.2762 67.3577 69.8283 45.127 39.9132 25.1487 8.58009 36.3428 30.6774 11.7712 59.34 44.031 21.5305 16.4905 61.1302 62.8165 51.0259 34.2489 49.5968 ]
c0 = [ 125 123 131 144 179 153 250 116 96 195 157 211 101 115 140 92 163 186 186 147 ]
cp = [ 30.4264 36.7909 27.118 22.545 21.886 32.9548 13.4923 29.8734 40.3118 14.8168 18.469 17.6972 39.0526 31.4841 24.6982 19.4399 23.2087 25.282 31.444 26.713 ]
D = [ 700 810 901 956 1074 1236 1283 1383 1552 1605 1647 1804 1968 1973 2194 2200 2306 2491 2607 2661 2835 2909 2967 3114 3148 3145 2919 2860 2749 2571 2370 2332 2156 1939 1848 1953 2204 2322 2419 2587 2651 2450 2146 1889 1730 1540 1181 1022 723 919 954 1026 1130 1241 1336 1541 1585 1631 1796 1902 1991 2125 2203 2276 2371 2483 2630 2767 2817 2950 3027 3129 3290 3066 2913 2872 2678 2576 2395 2326 2170 2065 1963 2078 2106 2265 2481 2593 2694 2444 2178 2029 1808 1515 1189 959 ]
