n = 20 ; 
T = 96 ; 
Init = [ 0 1 0 1 0 1 0 0 0 0 0 0 1 1 0 1 1 0 1 1 ]
L = [ 8 8 13 10 10 10 18 18 8 16 10 12 19 19 20 9 7 7 17 17 ]
l = [ 8 8 13 10 10 10 18 18 8 16 10 12 19 19 20 9 7 7 17 17 ]
Pmin = [ 118 118 259 177 177 164 375 375 144 338 209 235 405 405 420 166 105 105 342 342 ]
Pmax = [ 118 118 259 177 177 164 375 375 144 338 209 235 405 405 420 166 105 105 342 342 ]
cf = [ 35.9878 35.9878 69.7841 35.5907 35.5907 30.2879 16.2936 16.2936 51.3561 28.096 50.9492 18.7881 8.89903 8.89903 34.7712 69.1318 21.2313 21.2313 65.3766 65.3766 ]
c0 = [ 113 113 185 131 131 141 238 238 116 222 173 185 250 250 250 119 117 117 227 227 ]
cp = [ 34.7295 34.7295 28.7728 36.7271 36.7271 33.9369 18.7631 18.7631 31.0696 18.238 36.621 25.8372 11.7096 11.7096 8.44041 35.1955 23.5753 23.5753 17.5935 17.5935 ]
D = [ 947 916 1064 1297 1364 1548 1620 1785 2052 2108 2233 2419 2590 2599 2874 3017 3100 3293 3479 3508 3688 3805 3936 4091 4290 3997 3843 3715 3458 3249 3091 2896 2698 2547 2445 2541 2799 2994 3115 3318 3429 3220 2789 2617 2276 1980 1628 1230 878 1131 1120 1301 1402 1631 1739 1816 1889 2169 2233 2341 2521 2681 2684 2878 2977 3184 3307 3331 3421 3688 3686 3796 4026 3830 3718 3481 3275 3090 3022 2795 2736 2530 2356 2594 2631 2761 2948 3113 3213 3104 2835 2572 2313 1919 1723 1436 ]
