n = 20 ; 
T = 96 ; 
Init = [ 0 1 0 0 0 0 1 0 0 0 0 0 1 1 1 0 1 1 0 0 ]
L = [ 17 12 12 16 16 17 14 13 10 17 17 18 18 4 12 13 13 12 15 17 ]
l = [ 17 12 12 16 16 17 14 13 10 17 17 18 18 4 12 13 13 12 15 17 ]
Pmin = [ 367 233 233 354 354 368 265 269 205 359 359 392 392 33 250 276 276 261 291 358 ]
Pmax = [ 367 233 233 354 354 368 265 269 205 359 359 392 392 33 250 276 276 261 291 358 ]
cf = [ 19.6793 39.5764 39.5764 7.93957 7.93957 64.7881 59.0215 20.71 54.1995 66.2894 66.2894 23.7981 23.7981 54.3613 61.7489 37.7384 37.7384 36.8446 37.4254 38.8502 ]
c0 = [ 237 166 166 237 237 230 201 190 159 241 241 248 248 59 190 203 203 193 193 226 ]
cp = [ 10.2778 31.8024 31.8024 19.8234 19.8234 15.8548 25.9672 18.2708 33.1225 15.9259 15.9259 26.0091 26.0091 39.0395 22.8489 28.8257 28.8257 26.4699 23.5242 13.2344 ]
D = [ 900 1232 1293 1562 1697 1882 1879 2084 2379 2354 2539 2700 3013 3019 3252 3451 3704 3852 3829 4083 4237 4380 4503 4779 4883 4639 4486 4257 4014 3974 3705 3446 3353 3201 2826 3091 3346 3410 3715 3880 3976 3599 3499 3041 2726 2474 2272 1825 1651 1704 1893 2115 2218 2381 2562 2607 2704 2829 2984 3132 3305 3540 3539 3813 3948 4149 4115 4391 4569 4596 4855 4859 4981 4731 4624 4293 4205 3896 3672 3483 3305 3128 2797 2974 3213 3316 3616 3809 3894 3713 3198 3040 2731 2292 2046 1730 ]
