n = 20 ; 
T = 96 ; 
Init = [ 0 1 0 1 1 0 0 1 1 0 0 0 1 1 0 1 1 0 0 1 ]
L = [ 11 19 7 5 14 10 14 19 5 16 9 19 9 15 10 4 11 7 11 19 ]
l = [ 11 19 7 5 14 10 14 19 5 16 9 19 9 15 10 4 11 7 11 19 ]
Pmin = [ 220 406 105 73 299 168 289 394 54 322 189 404 173 306 181 64 235 127 234 397 ]
Pmax = [ 220 406 105 73 299 168 289 394 54 322 189 404 173 306 181 64 235 127 234 397 ]
cf = [ 40.2066 26.4261 32.6756 8.50667 30.7347 48.4566 35.3345 51.7985 37.0578 69.9027 41.0035 31.2557 34.3439 56.7407 8.18404 67.7181 31.1246 38.1572 21.6644 61.4863 ]
c0 = [ 174 250 100 80 206 127 190 250 76 207 143 250 132 192 133 81 161 117 175 250 ]
cp = [ 32.7647 9.41331 39.4342 39.6937 29.4592 27.0506 13.6954 10.9028 40.6475 17.8005 28.8339 17.1818 23.8881 23.6994 27.4965 40.7222 21.5416 35.5168 22.7487 10.8188 ]
D = [ 779 848 1116 1217 1325 1482 1498 1569 1743 1864 1995 2046 2302 2307 2489 2663 2760 2916 2929 3086 3280 3284 3513 3556 3685 3573 3346 3303 3094 2913 2775 2681 2448 2289 2175 2274 2495 2622 2840 3115 3242 3034 2803 2460 2305 1967 1677 1499 1297 1339 1521 1542 1683 1810 1779 1897 2043 2076 2287 2262 2507 2460 2640 2655 2808 2907 3031 3056 3174 3373 3494 3522 3681 3449 3339 3096 2972 2882 2713 2466 2319 2232 2078 2313 2426 2651 2735 3065 3224 2995 2607 2486 2281 1973 1769 1449 ]
