n = 20 ; 
T = 96 ; 
Init = [ 0 1 1 1 1 1 0 0 0 1 1 1 1 1 1 1 0 0 0 1 ]
L = [ 17 16 16 9 9 19 19 10 10 7 6 6 14 16 16 7 7 11 11 9 ]
l = [ 17 16 16 9 9 19 19 10 10 7 6 6 14 16 16 7 7 11 11 9 ]
Pmin = [ 361 328 328 158 158 394 394 207 207 106 93 93 311 354 354 116 116 223 223 156 ]
Pmax = [ 361 328 328 158 158 394 394 207 207 106 93 93 311 354 354 116 116 223 223 156 ]
cf = [ 35.7948 25.4853 25.4853 32.1013 32.1013 63.6132 63.6132 58.4405 58.4405 67.3333 17.5794 17.5794 44.2852 65.0167 65.0167 22.9302 22.9302 21.9473 21.9473 18.6658 ]
c0 = [ 228 236 236 125 125 250 250 162 162 97 92 92 214 225 225 111 111 155 155 128 ]
cp = [ 14.9905 21.3891 21.3891 30.6162 30.6162 9.02081 9.02081 33.2 33.2 21.6747 34.7721 34.7721 14.5144 16.7207 16.7207 35.9705 35.9705 29.8281 29.8281 26.6142 ]
D = [ 739 952 1050 1231 1330 1433 1542 1784 1904 1928 2156 2301 2361 2491 2691 2808 2935 3127 3242 3229 3518 3580 3714 3826 3953 3777 3576 3431 3320 3203 2898 2697 2658 2487 2332 2448 2605 2785 3008 3151 3391 3055 2724 2406 2236 1971 1635 1287 1072 1073 1228 1319 1463 1646 1800 1830 2052 2178 2171 2395 2540 2633 2656 2794 2923 3073 3263 3352 3467 3636 3680 3826 3955 3812 3570 3506 3163 2992 2797 2764 2472 2309 2074 2297 2348 2637 2767 2916 3038 2819 2508 2262 2012 1773 1541 1297 ]
