n = 20 ; 
T = 96 ; 
Init = [ 0 0 1 1 0 0 1 1 0 1 0 0 0 1 0 0 1 1 1 1 ]
L = [ 12 7 7 11 11 11 15 9 16 16 20 20 11 16 16 15 9 4 4 13 ]
l = [ 12 7 7 11 11 11 15 9 16 16 20 20 11 16 16 15 9 4 4 13 ]
Pmin = [ 272 114 114 233 206 206 325 139 338 338 420 420 224 346 346 294 148 34 34 279 ]
Pmax = [ 272 114 114 233 206 206 325 139 338 338 420 420 224 346 346 294 148 34 34 279 ]
cf = [ 49.0582 38.9035 38.9035 9.76788 36.6024 36.6024 29.7277 36.7434 68.1173 68.1173 29.1677 29.1677 39.8544 59.7905 59.7905 17.2799 29.0198 53.9498 53.9498 11.6426 ]
c0 = [ 201 103 103 186 159 159 230 111 226 226 250 250 153 238 238 203 125 57 57 212 ]
cp = [ 32.8699 34.6762 34.6762 34.5319 26.7381 26.7381 13.5014 27.5504 19.8007 19.8007 8.30909 8.30909 25.1481 13.7783 13.7783 15.4722 34.9907 41.4318 41.4318 15.0624 ]
D = [ 463 521 721 942 1039 1112 1300 1368 1536 1799 1848 2035 2210 2327 2368 2598 2772 2846 2970 3025 3314 3449 3461 3743 3806 3652 3410 3305 3244 2973 2796 2693 2517 2401 2204 2504 2662 2855 3085 3272 3413 3066 2814 2504 2135 1961 1566 1233 969 1088 1195 1421 1452 1606 1748 1837 1966 2158 2224 2390 2361 2539 2675 2827 2871 3005 3110 3283 3464 3558 3662 3791 3965 3754 3487 3447 3295 3061 2906 2686 2628 2460 2347 2543 2576 2829 2994 3212 3360 3160 2759 2447 2129 1919 1463 1246 ]
