n = 20 ; 
T = 96 ; 
Init = [ 1 1 1 1 0 0 0 1 0 1 0 1 0 0 0 1 1 0 1 0 ]
L = [ 18 14 16 4 17 13 19 19 11 12 12 12 15 10 17 16 10 5 7 20 ]
l = [ 18 14 16 4 17 13 19 19 11 12 12 12 15 10 17 16 10 5 7 20 ]
Pmin = [ 407 281 315 38 374 279 420 398 195 247 218 262 315 186 360 318 199 59 133 420 ]
Pmax = [ 407 281 315 38 374 279 420 398 195 247 218 262 315 186 360 318 199 59 133 420 ]
cf = [ 25.9853 7.19602 17.9885 54.4306 61.5978 69.5013 69.5171 35.7713 51.1992 27.9192 26.3883 29.6555 53.7681 69.4352 56.0306 25.1525 9.68484 27.2117 25.9483 40.2821 ]
c0 = [ 250 198 211 51 250 189 250 246 150 168 158 176 205 148 238 220 142 70 106 250 ]
cp = [ 9.95886 13.8889 12.8556 40.54 18.2647 27.6519 8.54616 9.41667 19.4668 37.0158 27.6279 13.3547 16.5576 28.6345 17.8547 20.978 32.5222 40.8249 38.1012 8.26427 ]
D = [ 915 1095 1257 1415 1432 1663 1752 1910 2175 2380 2560 2650 2855 2929 3068 3198 3467 3617 3824 3942 4050 4159 4428 4591 4696 4432 4259 3931 3888 3575 3433 3170 2879 2739 2476 2698 2885 3206 3427 3721 3888 3568 3230 2880 2674 2317 1938 1642 1220 1475 1510 1710 1812 1939 2115 2324 2529 2662 2799 2883 2972 3096 3333 3508 3617 3713 3819 3935 4220 4303 4341 4596 4628 4531 4180 4042 3736 3694 3303 3098 2968 2670 2521 2799 2934 3068 3411 3609 3732 3515 3099 2814 2577 2256 1802 1533 ]
