n = 20 ; 
T = 96 ; 
Init = [ 0 1 1 1 0 0 1 0 0 0 0 1 0 1 0 0 0 1 1 1 ]
L = [ 16 16 18 11 8 6 14 5 5 16 6 6 13 13 9 18 18 10 10 6 ]
l = [ 16 16 18 11 8 6 14 5 5 16 6 6 13 13 9 18 18 10 10 6 ]
Pmin = [ 337 337 379 215 127 107 274 50 50 319 101 77 252 252 182 379 379 195 195 79 ]
Pmax = [ 337 337 379 215 127 107 274 50 50 319 101 77 252 252 182 379 379 195 195 79 ]
cf = [ 42.9109 42.9109 30.9357 51.3315 26.9954 69.8811 34.1656 63.0074 63.0074 47.6408 21.8048 53.17 68.1552 68.1552 37.2571 52.8333 52.8333 8.54615 8.54615 11.3473 ]
c0 = [ 218 218 250 158 110 104 192 86 86 205 87 83 168 168 151 248 248 140 140 83 ]
cp = [ 19.6755 19.6755 13.5964 22.1242 38.9772 35.4183 17.9573 36.1128 36.1128 21.9883 33.6761 40.1283 33.6552 33.6552 29.5432 12.6198 12.6198 27.0645 27.0645 37.7217 ]
D = [ 581 648 839 969 1026 1224 1275 1458 1551 1698 1831 1991 2054 2149 2246 2385 2517 2693 2871 2894 3077 3172 3280 3444 3475 3457 3169 3108 2892 2799 2590 2515 2366 2068 1999 2106 2363 2546 2711 2782 2986 2736 2417 2290 2010 1663 1397 1124 969 981 1165 1277 1315 1438 1647 1749 1820 1956 2066 2152 2220 2269 2444 2526 2573 2805 2925 2979 2994 3244 3274 3355 3441 3340 3111 2970 2907 2700 2573 2376 2230 2024 1833 1964 2277 2380 2661 2783 2915 2762 2426 2238 1872 1759 1390 1120 ]
