n = 20 ; 
T = 96 ; 
Init = [ 0 1 1 1 0 1 0 0 0 1 1 1 0 1 1 0 1 1 1 0 ]
L = [ 7 8 7 4 6 19 20 8 16 20 11 9 7 20 5 8 5 11 15 15 ]
l = [ 7 8 7 4 6 19 20 8 16 20 11 9 7 20 5 8 5 11 15 15 ]
Pmin = [ 116 160 110 28 79 388 420 138 339 420 229 184 118 420 57 133 57 235 300 344 ]
Pmax = [ 116 160 110 28 79 388 420 138 339 420 229 184 118 420 57 133 57 235 300 344 ]
cf = [ 30.2284 23.4843 20.0547 7.57189 37.1762 21.9317 16.0773 52.4835 22.4718 56.8653 45.5589 9.03803 28.0164 25.3688 18.1453 45.9848 13.217 50.4554 27.7834 47.6855 ]
c0 = [ 104 140 116 53 85 250 250 116 221 250 174 156 111 250 60 103 60 161 212 235 ]
cp = [ 39.192 31.1681 31.3344 41.9507 38.6728 14.9502 8.73678 35.4791 10.6235 8.75959 17.6463 28.6135 27.8942 9.54186 35.2691 35.5737 40.2192 20.3022 14.6842 14.9136 ]
D = [ 555 611 827 878 1094 1114 1325 1371 1536 1717 1835 1963 2129 2183 2392 2488 2667 2787 2929 2949 3050 3261 3354 3547 3702 3378 3210 3158 2889 2653 2558 2307 2151 1988 1811 1959 2212 2334 2551 2685 3012 2773 2461 2225 1910 1677 1406 1141 981 978 1186 1299 1310 1494 1520 1632 1749 1860 1998 2134 2251 2348 2393 2441 2566 2710 2895 2883 2969 3173 3253 3361 3395 3357 3215 2983 2824 2664 2510 2346 2231 2025 1867 2164 2233 2501 2650 2884 3003 2884 2539 2213 2085 1834 1452 1188 ]
