n = 20 ; 
T = 96 ; 
Init = [ 0 1 1 1 1 1 1 0 0 1 1 1 1 1 0 0 0 1 0 1 ]
L = [ 11 18 13 14 4 5 9 12 8 12 8 8 12 12 5 6 19 6 11 11 ]
l = [ 11 18 13 14 4 5 9 12 8 12 8 8 12 12 5 6 19 6 11 11 ]
Pmin = [ 194 411 262 300 50 73 144 235 134 237 159 130 212 231 77 103 414 90 239 197 ]
Pmax = [ 194 411 262 300 50 73 144 235 134 237 159 130 212 231 77 103 414 90 239 197 ]
cf = [ 69.5192 59.1174 41.2549 60.6454 9.75596 60.7281 33.0393 53.2839 23.6535 48.4643 47.8508 9.63792 50.2669 63.491 62.2167 7.24033 50.0128 30.3276 37.14 58.7506 ]
c0 = [ 162 250 172 206 75 84 129 159 107 178 135 107 162 172 73 95 250 80 163 165 ]
cp = [ 28.219 10.8292 30.9579 22.9444 41.9214 40.5379 30.1288 21.9446 32.4364 31.9736 28.227 34.6072 29.6025 24.4314 30.2909 36.85 12.9927 35.9805 31.664 26.2453 ]
D = [ 561 717 822 874 1058 1095 1171 1332 1468 1587 1636 1746 1803 1896 2080 2053 2145 2244 2446 2567 2664 2744 2821 2874 2969 2863 2681 2608 2444 2305 2239 2053 1972 1772 1677 1809 1954 2104 2298 2341 2510 2328 2057 1998 1811 1624 1299 1244 984 1033 1212 1326 1326 1424 1506 1638 1803 1831 1874 1970 2175 2215 2320 2400 2497 2649 2762 2728 2937 3041 3009 3220 3328 3188 3021 2854 2731 2564 2346 2217 2143 2008 1760 1874 2027 2189 2340 2423 2657 2419 2165 2032 1878 1634 1347 1195 ]
