n = 20 ; 
T = 96 ; 
Init = [ 1 0 1 1 0 1 0 1 1 0 0 0 1 1 1 1 0 1 1 1 ]
L = [ 11 11 11 20 20 11 14 14 18 18 19 19 19 19 12 12 15 15 7 17 ]
l = [ 11 11 11 20 20 11 14 14 18 18 19 19 19 19 12 12 15 15 7 17 ]
Pmin = [ 228 228 221 420 420 227 292 292 392 392 420 420 420 420 225 225 300 300 107 371 ]
Pmax = [ 228 228 221 420 420 227 292 292 392 392 420 420 420 420 225 225 300 300 107 371 ]
cf = [ 17.877 17.877 54.1896 64.9285 64.9285 64.5572 68.0715 68.0715 11.4233 11.4233 68.2271 68.2271 49.6006 49.6006 13.1669 13.1669 59.2261 59.2261 43.2974 18.5693 ]
c0 = [ 164 164 171 250 250 184 210 210 250 250 250 250 250 250 157 157 213 213 100 247 ]
cp = [ 15.5552 15.5552 24.9474 8.36883 8.36883 18.2281 30.2845 30.2845 13.3507 13.3507 8.75381 8.75381 13.4145 13.4145 23.379 23.379 18.8655 18.8655 35.0571 20.5965 ]
D = [ 999 1058 1204 1398 1672 1928 1990 2165 2460 2521 2709 3028 3066 3420 3603 3577 3871 3961 4302 4515 4542 4698 4861 5111 5339 5046 4980 4641 4382 4198 3969 3666 3593 3326 3033 3213 3416 3635 3807 3886 4218 3853 3292 2937 2743 2416 1852 1533 1158 1417 1559 1713 1895 2159 2279 2265 2524 2801 2939 3156 3128 3271 3518 3771 3912 4064 4239 4381 4574 4760 4838 5071 5295 5040 4838 4642 4461 4050 4020 3658 3574 3282 3144 3228 3422 3626 3765 4051 4128 3705 3508 3093 2645 2292 1962 1723 ]
