n = 20 ; 
T = 96 ; 
Init = [ 1 0 1 1 0 0 0 0 0 1 0 1 1 0 1 1 1 0 1 1 ]
L = [ 19 11 12 14 13 12 13 12 14 14 10 10 12 13 11 5 12 10 12 18 ]
l = [ 19 11 12 14 13 12 13 12 14 14 10 10 12 13 11 5 12 10 12 18 ]
Pmin = [ 420 209 233 304 269 236 264 243 307 273 165 189 225 262 200 73 247 202 239 382 ]
Pmax = [ 420 209 233 304 269 236 264 243 307 273 165 189 225 262 200 73 247 202 239 382 ]
cf = [ 55.3448 30.0987 63.1222 10.3251 30.9757 50.9162 8.89296 41.4354 59.7976 62.3371 50.3665 20.815 55.3347 13.9866 57.9779 22.8045 43.6599 27.2834 41.2102 43.2879 ]
c0 = [ 250 160 158 199 195 176 180 166 215 173 141 138 159 178 158 86 169 150 181 248 ]
cp = [ 8.83192 30.5697 28.8023 17.7815 22.1169 21.6501 18.8244 25.3113 25.979 22.8564 36.2902 28.894 26.2987 21.7894 32.7384 39.9592 19.0611 29.4513 19.41 11.3633 ]
D = [ 684 751 927 1086 1300 1328 1493 1635 1939 1953 2154 2334 2408 2522 2755 2836 3097 3245 3425 3566 3660 3739 3941 4168 4287 4136 3803 3689 3343 3162 3033 2827 2563 2461 2083 2321 2717 2792 3023 3392 3512 3239 2903 2573 2265 1830 1613 1234 943 1158 1137 1308 1399 1655 1690 1808 1963 2002 2246 2327 2378 2631 2697 2776 2850 3054 3205 3332 3344 3489 3633 3717 3970 3768 3630 3366 3283 3158 2962 2687 2653 2492 2265 2380 2712 2757 3047 3229 3370 3098 2734 2481 2158 1916 1618 1244 ]
