n = 20 ; 
T = 96 ; 
Init = [ 0 1 1 1 1 0 0 1 1 0 1 1 1 1 1 0 1 1 1 1 ]
L = [ 18 5 5 9 8 12 11 17 14 14 15 18 14 14 6 18 18 17 19 19 ]
l = [ 18 5 5 9 8 12 11 17 14 14 15 18 14 14 6 18 18 17 19 19 ]
Pmin = [ 402 79 79 179 168 249 240 371 288 288 300 393 277 277 83 398 398 362 414 414 ]
Pmax = [ 402 79 79 179 168 249 240 371 288 288 300 393 277 277 83 398 398 362 414 414 ]
cf = [ 53.1293 53.1425 53.1425 67.1612 61.175 32.7414 18.827 37.4701 8.90307 8.90307 19.6718 34.6797 56.5647 56.5647 69.1787 49.1883 49.1883 55.0185 25.3752 25.3752 ]
c0 = [ 250 69 69 144 126 190 176 247 192 192 210 250 209 209 81 250 250 236 250 250 ]
cp = [ 8.8268 39.8182 39.8182 33.2478 33.0409 19.9786 19.3108 20.9482 25.5959 25.5959 20.3782 14.1523 21.2058 21.2058 40.0156 13.8774 13.8774 13.383 13.0582 13.0582 ]
D = [ 885 984 1131 1178 1434 1531 1796 1843 1986 2231 2393 2490 2588 2864 2997 3144 3284 3458 3539 3698 3984 4085 4176 4452 4452 4402 4128 3970 3825 3580 3307 3215 2914 2844 2643 2864 3157 3279 3601 3673 3885 3684 3378 3003 2714 2385 2213 1908 1506 1671 1858 2068 2151 2162 2419 2449 2590 2738 2868 2921 3061 3183 3300 3542 3758 3718 3944 4049 4214 4366 4483 4620 4691 4477 4280 4078 3865 3791 3590 3313 3064 2919 2722 3028 3156 3269 3474 3822 3952 3658 3222 3073 2771 2321 2074 1857 ]
