n = 20 ; 
T = 96 ; 
Init = [ 0 1 1 0 0 1 1 1 0 0 1 1 1 1 1 1 1 0 0 1 ]
L = [ 8 18 8 11 12 10 13 16 16 4 8 5 10 19 15 15 9 14 12 4 ]
l = [ 8 18 8 11 12 10 13 16 16 4 8 5 10 19 15 15 9 14 12 4 ]
Pmin = [ 136 408 118 197 216 173 273 346 350 44 144 62 189 395 322 340 177 281 237 40 ]
Pmax = [ 136 408 118 197 216 173 273 346 350 44 144 62 189 395 322 340 177 281 237 40 ]
cf = [ 22.9031 44.1399 55.7845 54.3704 59.3016 53.9612 26.0639 22.3987 43.5629 47.4788 16.2384 61.0526 26.343 54.3316 37.1104 8.37329 59.2745 7.754 44.9399 65.6867 ]
c0 = [ 114 250 106 147 166 130 195 231 215 56 121 84 146 250 239 221 127 207 168 63 ]
cp = [ 38.0796 13.0865 34.378 17.5244 25.3175 28.2005 26.9912 16.9566 15.0158 39.8264 37.5988 40.5083 30.72 9.28058 14.7849 31.4174 35.3569 13.8294 22.505 41.2684 ]
D = [ 442 583 613 794 914 1034 1241 1416 1566 1608 1795 1932 2063 2242 2270 2412 2510 2654 2869 3038 3138 3279 3417 3546 3621 3515 3361 3229 2974 2805 2742 2595 2432 2263 2000 2115 2224 2488 2642 2766 2774 2631 2405 2222 1959 1788 1450 1311 1001 1122 1293 1413 1541 1582 1771 1893 1871 2076 2197 2330 2434 2539 2651 2726 2855 2958 3073 3115 3211 3362 3359 3504 3696 3510 3284 3171 2937 2893 2745 2467 2437 2191 2088 2223 2378 2499 2650 2838 2896 2666 2485 2146 1915 1739 1531 1159 ]
