n = 20 ; 
T = 96 ; 
Init = [ 0 1 1 1 1 0 1 1 1 0 1 0 1 1 0 1 0 1 0 0 ]
L = [ 18 10 7 10 10 10 12 12 10 5 5 11 11 4 7 20 20 19 19 15 ]
l = [ 18 10 7 10 10 10 12 12 10 5 5 11 11 4 7 20 20 19 19 15 ]
Pmin = [ 396 183 109 184 192 192 229 229 196 58 58 237 237 59 96 420 420 420 420 296 ]
Pmax = [ 396 183 109 184 192 192 229 229 196 58 58 237 237 59 96 420 420 420 420 296 ]
cf = [ 30.9287 18.6187 40.5475 40.2923 64.2992 64.2992 34.0691 34.0691 40.3394 58.8646 58.8646 12.8813 12.8813 69.7935 43.574 40.9389 40.9389 44.0422 44.0422 68.013 ]
c0 = [ 250 139 95 136 157 157 183 183 148 82 82 186 186 52 87 250 250 250 250 211 ]
cp = [ 15.011 31.8082 38.7208 30.5245 20.448 20.448 27.2148 27.2148 27.4249 40.2113 40.2113 23.1247 23.1247 38.2579 36.7609 10.1271 10.1271 8.42307 8.42307 16.2094 ]
D = [ 624 676 784 926 1050 1234 1400 1491 1565 1730 1886 2047 2229 2266 2473 2638 2774 2805 2979 3178 3199 3467 3569 3655 3873 3622 3485 3211 3119 2879 2819 2580 2424 2167 2101 2322 2501 2686 2862 3146 3359 3045 2677 2427 2181 1883 1493 1246 1005 1015 1117 1234 1454 1460 1664 1653 1778 1920 2100 2146 2233 2423 2437 2666 2652 2908 2971 3110 3127 3238 3429 3447 3634 3450 3274 3149 3079 2851 2803 2643 2481 2254 2099 2359 2508 2591 2897 3058 3172 2937 2592 2410 2085 1810 1577 1294 ]
