n = 20 ; 
T = 96 ; 
Init = [ 1 0 1 0 0 0 1 0 0 0 0 1 1 0 0 0 1 0 0 1 ]
L = [ 17 17 7 7 7 5 5 19 15 15 7 7 14 10 10 19 19 17 14 18 ]
l = [ 17 17 7 7 7 5 5 19 15 15 7 7 14 10 10 19 19 17 14 18 ]
Pmin = [ 379 379 106 96 96 52 52 400 305 305 97 97 291 179 179 411 411 353 303 407 ]
Pmax = [ 379 379 106 96 96 52 52 400 305 305 97 97 291 179 179 411 411 353 303 407 ]
cf = [ 31.9191 31.9191 24.6662 40.8031 40.8031 63.2434 63.2434 58.2737 20.2281 20.2281 57.7262 57.7262 50.2755 69.2643 69.2643 8.43759 8.43759 61.1774 12.4319 24.4983 ]
c0 = [ 250 250 96 112 112 54 54 250 200 200 76 76 207 151 151 250 250 230 214 250 ]
cp = [ 18.1402 18.1402 37.3247 33.8426 33.8426 37.1541 37.1541 10.3429 24.7117 24.7117 38.3894 38.3894 19.7229 31.585 31.585 10.1111 10.1111 10.8989 25.5626 19.4279 ]
D = [ 826 977 1116 1256 1369 1537 1528 1799 1834 2068 2146 2252 2414 2470 2630 2798 2825 3026 3049 3330 3422 3468 3556 3839 3806 3664 3608 3354 3174 2953 2822 2730 2533 2414 2157 2338 2653 2831 3156 3379 3487 3218 2875 2473 2313 1824 1642 1203 872 1026 1127 1280 1369 1566 1709 1746 1982 2024 2213 2321 2456 2603 2625 2895 2965 2988 3143 3267 3448 3523 3631 3825 4041 3744 3558 3522 3264 3129 3049 2792 2685 2403 2352 2513 2606 2697 2949 2974 3161 2874 2636 2409 1964 1802 1540 1220 ]
