n = 10 ; 
T = 96 ; 
Init = [ 1 1 1 1 1 0 0 0 1 1 ]
L = [ 19 19 20 20 20 13 13 13 16 16 ]
l = [ 19 19 20 20 20 13 13 13 16 16 ]
Pmin = [ 100 100 100 100 100 68 68 68 82 82 ]
Pmax = [ 100 100 100 100 100 68 68 68 82 82 ]
cf = [ 57.8954 57.8954 8.69202 8.69202 8.69202 42.9652 42.9652 42.9652 7.44203 7.44203 ]
c0 = [ 250 250 250 250 250 189 189 189 221 221 ]
cp = [ 8.8502 8.8502 8.2355 8.2355 8.2355 16.3817 16.3817 16.3817 14.4559 14.4559 ]
D = [ 229 220 270 265 291 322 325 349 372 409 430 450 448 468 515 513 557 577 593 618 604 646 645 677 711 671 656 627 586 572 532 494 486 441 413 448 486 548 587 628 672 605 540 492 425 352 315 238 176 199 210 258 260 270 306 324 358 384 388 406 433 463 475 521 546 556 567 588 629 654 670 701 716 670 640 630 607 567 566 511 507 459 465 464 499 541 571 618 630 590 546 478 411 357 312 283 ]
K = 4
nk = [ 1 1 2 2 2 3 3 3 4 4 ]
First = [ 1 0 1 0 0 1 0 0 1 0 ]
Last = [ 0 1 0 0 1 0 0 1 0 1 ]
nS = 1
S = [ 0 1 2 3 4 5 6 7 8 9 ]
