n = 10 ; 
T = 96 ; 
Init = [ 0 0 0 0 0 0 0 0 0 0 ]
L = [ 13 13 13 13 4 4 4 4 19 19 ]
l = [ 13 13 13 13 4 4 4 4 19 19 ]
Pmin = [ 65 65 65 65 20 20 20 20 100 100 ]
Pmax = [ 65 65 65 65 20 20 20 20 100 100 ]
cf = [ 54.0322 54.0322 54.0322 54.0322 58.2974 58.2974 58.2974 58.2974 25.2934 25.2934 ]
c0 = [ 171 171 171 171 77 77 77 77 250 250 ]
cp = [ 30.5263 30.5263 30.5263 30.5263 41.83 41.83 41.83 41.83 9.74091 9.74091 ]
D = [ 129 146 164 175 198 203 223 238 260 277 290 302 319 332 336 349 370 375 398 407 435 445 459 464 492 460 449 424 395 386 359 335 308 306 279 305 317 341 367 409 414 380 362 333 298 248 217 189 156 169 180 201 201 209 221 233 256 265 270 290 293 320 329 331 359 364 368 397 395 404 431 434 446 428 420 393 374 354 356 336 317 297 285 292 327 353 360 385 408 375 354 314 274 250 221 176 ]
K = 3
nk = [ 1 1 1 1 2 2 2 2 3 3 ]
First = [ 1 0 0 0 1 0 0 0 1 0 ]
Last = [ 0 0 0 1 0 0 0 1 0 1 ]
nS = 1
S = [ 0 1 2 3 4 5 6 7 8 9 ]
