n = 10 ; 
T = 96 ; 
Init = [ 1 1 1 1 1 1 1 1 1 0 ]
L = [ 16 16 16 16 16 11 11 11 11 6 ]
l = [ 16 16 16 16 16 11 11 11 11 6 ]
Pmin = [ 89 89 89 89 89 62 62 62 62 32 ]
Pmax = [ 89 89 89 89 89 62 62 62 62 32 ]
cf = [ 56.4101 56.4101 56.4101 56.4101 56.4101 15.8625 15.8625 15.8625 15.8625 30.4726 ]
c0 = [ 227 227 227 227 227 171 171 171 171 102 ]
cp = [ 9.35638 9.35638 9.35638 9.35638 9.35638 20.1773 20.1773 20.1773 20.1773 33.4581 ]
D = [ 198 191 207 243 246 265 299 315 337 334 367 375 392 416 438 458 463 496 494 521 557 557 569 585 624 590 572 550 515 486 473 443 419 404 391 407 447 475 488 532 569 522 482 443 372 337 300 245 216 215 251 249 282 291 306 305 324 361 360 387 407 419 427 444 468 490 484 506 532 532 557 563 600 576 540 526 501 479 463 431 421 396 375 398 412 435 470 487 503 486 421 406 356 312 270 227 ]
K = 3
nk = [ 1 1 1 1 1 2 2 2 2 3 ]
First = [ 1 0 0 0 0 1 0 0 0 1 ]
Last = [ 0 0 0 0 1 0 0 0 1 1 ]
nS = 1
S = [ 0 1 2 3 4 5 6 7 8 9 ]
