n = 20 ; 
T = 24 ; 
Init = [ 1 1 1 1 1 0 1 1 1 0 1 0 0 1 1 1 1 1 1 0 ]
L = [ 5 2 3 3 3 2 6 7 2 7 5 3 7 7 5 2 9 2 4 7 ]
l = [ 5 2 3 3 3 2 6 7 2 7 5 3 7 7 5 2 9 2 4 7 ]
Pmin = [ 49 19 29 31 26 13 68 76 11 78 51 35 80 81 49 19 100 20 42 72 ]
Pmax = [ 49 19 29 31 26 13 68 76 11 78 51 35 80 81 49 19 100 20 42 72 ]
cf = [ 17.4959 47.9423 64.1562 7.27882 38.4494 50.2132 66.0748 29.3222 14.4941 24.3715 26.6987 27.3996 67.4273 17.129 36.5745 33.1773 9.86677 58.7578 18.5242 42.6025 ]
c0 = [ 132 71 98 88 83 60 182 209 49 211 153 115 216 208 132 71 250 61 124 195 ]
cp = [ 23.6367 41.6233 38.2935 26.7604 39.8394 39.5636 22.1827 22.0925 41.9947 29.9819 29.2298 38.0026 14.2142 26.6196 28.6267 41.7813 26.9735 40.4272 32.8248 30.7779 ]
D = [ 233 279 322 371 397 437 510 555 566 643 668 725 774 710 652 563 501 444 520 606 702 580 455 346 ]
K = 21
nk = [ -24066440 32721 -24066440 32721 0 0 0 0 0 0 0 0 0 0 0 0 0 0 0 0 ]
First = [ 1 1 1 1 1 1 1 1 1 1 1 1 1 1 1 1 1 1 1 1 ]
Last = [ 1 1 1 1 1 1 1 1 1 1 1 1 1 1 1 1 1 1 1 1 ]
nS = 20
S = [ 1 1 1 1 1 1 1 1 1 1 1 1 1 1 1 1 1 1 1 1 ]
