n = 20 ; 
T = 24 ; 
Init = [ 1 0 0 1 0 0 0 0 1 1 1 0 1 1 0 0 1 1 0 1 ]
L = [ 10 10 6 2 9 9 9 5 8 4 9 6 8 9 9 5 9 6 7 3 ]
l = [ 10 10 6 2 9 9 9 5 8 4 9 6 8 9 9 5 9 6 7 3 ]
Pmin = [ 100 100 62 21 100 100 93 55 91 45 100 65 77 98 93 56 100 62 71 25 ]
Pmax = [ 100 100 62 21 100 100 93 55 91 45 100 65 77 98 93 56 100 62 71 25 ]
cf = [ 60.3259 36.7138 36.3335 68.9702 45.9079 56.6473 60.1997 47.079 25.2865 18.527 52.5473 39.7466 28.9066 10.1641 16.8059 33.4168 58.4696 9.71153 29.1796 68.12 ]
c0 = [ 250 250 165 75 250 250 250 162 231 139 250 183 198 250 241 164 250 173 192 88 ]
cp = [ 9.15817 9.17413 22.5631 40.7486 14.329 11.7713 13.4217 23.7583 16.2556 27.3941 11.6496 28.3748 21.7575 13.2839 13.8674 30.4434 10.9136 18.1693 22.2673 37.6344 ]
D = [ 427 535 559 659 699 797 842 921 958 1034 1090 1138 1218 1097 1019 928 839 688 817 1000 1086 930 777 577 ]
K = 21
nk = [ -24066440 32721 -24066440 32721 0 0 0 0 0 0 0 0 0 0 0 0 0 0 0 0 ]
First = [ 1 1 1 1 1 1 1 1 1 1 1 1 1 1 1 1 1 1 1 1 ]
Last = [ 1 1 1 1 1 1 1 1 1 1 1 1 1 1 1 1 1 1 1 1 ]
nS = 20
S = [ 1 1 1 1 1 1 1 1 1 1 1 1 1 1 1 1 1 1 1 1 ]
