n = 20 ; 
T = 24 ; 
Init = [ 1 0 1 1 0 0 0 0 1 1 0 1 1 1 1 0 0 1 0 0 ]
L = [ 3 5 3 10 7 3 5 3 7 6 9 2 9 5 3 4 5 8 10 7 ]
l = [ 3 5 3 10 7 3 5 3 7 6 9 2 9 5 3 4 5 8 10 7 ]
Pmin = [ 23 56 19 100 80 29 48 33 80 66 100 20 98 47 30 36 48 80 100 82 ]
Pmax = [ 23 56 19 100 80 29 48 33 80 66 100 20 98 47 30 36 48 80 100 82 ]
cf = [ 27.5397 61.137 16.9536 64.4744 13.9161 69.4212 31.4892 27.0353 22.9628 50.0712 12.6599 46.7534 61.4248 31.0635 41.7263 36.2525 69.441 58.6747 57.7948 49.954 ]
c0 = [ 74 149 64 250 216 94 132 96 218 178 250 69 250 136 102 100 143 217 250 216 ]
cp = [ 41.3742 29.1392 38.3533 9.36379 22.5394 37.0837 33.2516 35.7133 18.1149 27.9866 11.1017 41.7884 12.4101 31.0577 33.2419 32.8249 33.5152 19.5031 8.46301 20.195 ]
D = [ 244 336 388 460 505 592 613 684 737 841 874 922 998 924 817 762 660 579 690 768 898 729 555 400 ]
K = 21
nk = [ -24066440 32721 -24066440 32721 0 0 0 0 0 0 0 0 0 0 0 0 0 0 0 0 ]
First = [ 1 1 1 1 1 1 1 1 1 1 1 1 1 1 1 1 1 1 1 1 ]
Last = [ 1 1 1 1 1 1 1 1 1 1 1 1 1 1 1 1 1 1 1 1 ]
nS = 20
S = [ 1 1 1 1 1 1 1 1 1 1 1 1 1 1 1 1 1 1 1 1 ]
