n = 20 ; 
T = 24 ; 
Init = [ 1 0 0 0 1 0 0 1 0 0 0 1 0 1 1 0 0 0 0 1 ]
L = [ 4 8 9 4 5 7 6 4 6 9 4 6 8 8 4 10 4 4 8 4 ]
l = [ 4 8 9 4 5 7 6 4 6 9 4 6 8 8 4 10 4 4 8 4 ]
Pmin = [ 44 93 88 46 64 74 58 43 64 86 34 68 82 86 40 100 44 46 94 40 ]
Pmax = [ 44 93 88 46 64 74 58 43 64 86 34 68 82 86 40 100 44 46 94 40 ]
cf = [ 13.0918 18.6568 50.3548 13.5324 36.385 13.5312 7.02144 16.6317 31.1597 55.6174 54.2653 52.6921 55.7134 12.0182 30.9158 28.3923 45.7942 18.8421 64.0331 14.8761 ]
c0 = [ 123 234 228 136 177 201 168 126 176 225 112 175 206 221 123 250 135 140 238 109 ]
cp = [ 26.4628 11.1983 14.7215 27.7287 34.1388 26.6969 31.0726 37.9195 24.0525 11.4377 33.0489 16.5466 14.3546 13.8885 24.2959 8.5505 28.1037 24.6202 9.69504 38.7435 ]
D = [ 358 409 489 545 605 639 745 810 869 946 977 1070 1141 1026 925 862 746 695 751 819 900 769 616 438 ]
K = 21
nk = [ -24066440 32721 -24066440 32721 0 0 0 0 0 0 0 0 0 0 0 0 0 0 0 0 ]
First = [ 1 1 1 1 1 1 1 1 1 1 1 1 1 1 1 1 1 1 1 1 ]
Last = [ 1 1 1 1 1 1 1 1 1 1 1 1 1 1 1 1 1 1 1 1 ]
nS = 20
S = [ 1 1 1 1 1 1 1 1 1 1 1 1 1 1 1 1 1 1 1 1 ]
