n = 20 ; 
T = 24 ; 
Init = [ 1 1 1 1 1 0 0 1 1 0 0 1 1 0 1 0 1 0 1 1 ]
L = [ 3 3 6 4 10 3 9 6 9 3 3 5 4 5 3 5 10 3 7 10 ]
l = [ 3 3 6 4 10 3 9 6 9 3 3 5 4 5 3 5 10 3 7 10 ]
Pmin = [ 26 26 69 42 100 34 100 61 100 27 34 59 32 57 31 55 100 23 74 100 ]
Pmax = [ 26 26 69 42 100 34 100 61 100 27 34 59 32 57 31 55 100 23 74 100 ]
cf = [ 13.0817 30.2704 59.5248 16.834 50.902 48.3196 57.9901 65.2067 35.9438 65.4359 68.948 52.2345 53.6009 34.5975 38.3205 18.2111 65.1714 67.0421 31.6223 48.2978 ]
c0 = [ 79 92 185 128 250 103 250 162 250 79 115 161 105 160 107 163 250 72 209 250 ]
cp = [ 36.8465 35.7708 19.9077 37.4202 9.18274 34.1659 9.84051 25.5735 14.8037 39.0959 38.4242 25.9259 38.2631 35.5614 20.8043 29.5182 9.11327 33.9166 20.0853 9.26236 ]
D = [ 218 316 365 422 510 554 621 675 741 823 902 966 1008 938 825 734 667 588 706 786 918 731 557 401 ]
K = 21
nk = [ 0 0 0 0 0 0 0 0 0 0 0 0 0 0 0 0 0 0 0 0 ]
First = [ 1 1 1 1 1 1 1 1 1 1 1 1 1 1 1 1 1 1 1 1 ]
Last = [ 1 1 1 1 1 1 1 1 1 1 1 1 1 1 1 1 1 1 1 1 ]
nS = 20
S = [ 1 1 1 1 1 1 1 1 1 1 1 1 1 1 1 1 1 1 1 1 ]
