n = 20 ; 
T = 24 ; 
Init = [ 1 1 0 0 0 0 0 0 1 1 1 1 1 0 0 0 0 0 1 1 ]
L = [ 7 9 6 5 9 8 3 6 7 3 3 7 5 4 5 9 4 8 9 8 ]
l = [ 7 9 6 5 9 8 3 6 7 3 3 7 5 4 5 9 4 8 9 8 ]
Pmin = [ 73 92 64 50 92 89 28 59 72 34 23 77 54 44 59 100 42 76 99 91 ]
Pmax = [ 73 92 64 50 92 89 28 59 72 34 23 77 54 44 59 100 42 76 99 91 ]
cf = [ 39.9736 10.1573 46.5916 16.0433 51.7702 43.3843 7.38799 66.0155 65.644 29.767 21.8984 51.9599 33.6041 55.422 31.3555 33.9704 43.1126 66.5894 59.0123 37.5552 ]
c0 = [ 202 233 176 146 231 241 89 160 202 108 69 202 145 123 154 250 118 203 250 243 ]
cp = [ 23.6578 12.2952 22.0277 28.4611 18.6305 23.8369 33.6049 16.7997 13.1638 38.4696 31.9284 30.0106 29.077 32.2695 23.9944 9.96704 36.1472 19.4548 8.59441 13.9286 ]
D = [ 377 416 501 556 614 689 786 820 925 944 1061 1106 1148 1083 951 838 714 607 758 879 978 811 673 524 ]
K = 21
nk = [ -24066440 32721 -24066440 32721 0 0 0 0 0 0 0 0 0 0 0 0 0 0 0 0 ]
First = [ 1 1 1 1 1 1 1 1 1 1 1 1 1 1 1 1 1 1 1 1 ]
Last = [ 1 1 1 1 1 1 1 1 1 1 1 1 1 1 1 1 1 1 1 1 ]
nS = 20
S = [ 1 1 1 1 1 1 1 1 1 1 1 1 1 1 1 1 1 1 1 1 ]
