n = 20 ; 
T = 24 ; 
Init = [ 1 1 1 0 0 1 0 1 1 0 0 0 0 1 1 0 0 1 1 0 ]
L = [ 10 4 8 3 9 5 3 4 7 4 7 4 4 4 8 2 8 2 5 6 ]
l = [ 10 4 8 3 9 5 3 4 7 4 7 4 4 4 8 2 8 2 5 6 ]
Pmin = [ 100 42 95 25 98 55 29 53 77 36 78 38 43 38 96 17 87 20 60 66 ]
Pmax = [ 100 42 95 25 98 55 29 53 77 36 78 38 43 38 96 17 87 20 60 66 ]
cf = [ 41.5438 62.1218 62.7474 48.6628 7.03481 57.4445 23.9519 65.3433 18.8089 56.2861 38.1678 47.1969 13.2713 32.9414 57.8859 48.5535 19.3666 22.1486 66.4808 62.2818 ]
c0 = [ 250 119 250 76 250 160 89 143 210 102 215 113 130 118 244 67 234 81 166 175 ]
cp = [ 9.05297 33.1165 12.5131 33.402 11.5559 28.9263 40.8036 38.2701 25.0971 36.3623 18.12 26.7677 25.2152 17.199 18.9675 41.0602 15.8237 41.8026 24.1682 20.0717 ]
D = [ 284 353 379 448 496 557 592 655 716 787 820 871 918 857 797 748 674 574 704 757 880 721 562 404 ]
K = 21
nk = [ 0 0 0 0 0 0 0 0 0 0 0 0 0 0 0 0 0 0 0 0 ]
First = [ 1 1 1 1 1 1 1 1 1 1 1 1 1 1 1 1 1 1 1 1 ]
Last = [ 1 1 1 1 1 1 1 1 1 1 1 1 1 1 1 1 1 1 1 1 ]
nS = 20
S = [ 1 1 1 1 1 1 1 1 1 1 1 1 1 1 1 1 1 1 1 1 ]
