n = 20 ; 
T = 24 ; 
Init = [ 0 1 0 1 1 1 1 0 1 1 1 0 1 0 0 0 0 1 0 1 ]
L = [ 6 6 10 7 3 8 9 7 5 7 3 10 7 5 7 3 5 3 8 8 ]
l = [ 6 6 10 7 3 8 9 7 5 7 3 10 7 5 7 3 5 3 8 8 ]
Pmin = [ 61 73 100 81 32 87 97 71 46 82 33 100 77 50 66 30 45 25 86 81 ]
Pmax = [ 61 73 100 81 32 87 97 71 46 82 33 100 77 50 66 30 45 25 86 81 ]
cf = [ 41.8839 64.7876 10.0257 12.4874 66.8963 17.9271 40.2613 8.19043 69.1131 69.2036 17.8183 43.2133 24.5014 22.9261 27.2787 60.89 44.3208 27.1321 43.2417 9.7289 ]
c0 = [ 170 192 250 220 101 227 250 196 131 209 105 250 216 136 180 95 123 70 231 223 ]
cp = [ 28.4215 26.7929 8.06388 29.476 38.402 14.8073 20.0417 22.0726 38.1904 24.1601 34.215 9.22098 26.7558 28.0279 19.4894 33.2853 28.9788 40.4796 13.7307 13.9915 ]
D = [ 323 398 451 519 574 637 692 766 836 893 960 1041 1117 1002 925 846 740 632 742 893 994 841 634 482 ]
K = 21
nk = [ -24066440 32721 -24066440 32721 0 0 0 0 0 0 0 0 0 0 0 0 0 0 0 0 ]
First = [ 1 1 1 1 1 1 1 1 1 1 1 1 1 1 1 1 1 1 1 1 ]
Last = [ 1 1 1 1 1 1 1 1 1 1 1 1 1 1 1 1 1 1 1 1 ]
nS = 20
S = [ 1 1 1 1 1 1 1 1 1 1 1 1 1 1 1 1 1 1 1 1 ]
