n = 20 ; 
T = 24 ; 
Init = [ 1 1 0 0 0 0 1 1 0 1 1 0 0 1 1 1 1 1 0 0 ]
L = [ 8 4 10 9 10 10 4 9 3 8 8 3 7 5 8 8 7 8 9 2 ]
l = [ 8 4 10 9 10 10 4 9 3 8 8 3 7 5 8 8 7 8 9 2 ]
Pmin = [ 84 44 100 100 100 100 46 100 29 90 94 39 74 55 89 81 72 90 100 18 ]
Pmax = [ 84 44 100 100 100 100 46 100 29 90 94 39 74 55 89 81 72 90 100 18 ]
cf = [ 58.3456 39.9891 40.5017 11.484 30.7299 14.7584 13.8563 63.4735 38.2467 12.1098 57.3172 58.1004 38.636 47.1722 54.634 9.45693 64.9781 15.2973 15.5715 14.7573 ]
c0 = [ 219 125 250 250 250 250 129 250 84 245 240 119 203 143 240 212 185 230 250 72 ]
cp = [ 18.6255 26.8871 8.47615 11.7088 15.3546 9.60606 32.8595 12.9929 36.1152 10.7959 13.978 31.0524 17.7382 33.8218 12.4923 14.0684 24.0286 13.5438 14.109 40.7233 ]
D = [ 444 486 583 673 738 786 876 924 1032 1094 1160 1254 1315 1185 1071 985 838 725 856 1014 1144 931 782 564 ]
K = 21
nk = [ -24066440 32721 -24066440 32721 0 0 0 0 0 0 0 0 0 0 0 0 0 0 0 0 ]
First = [ 1 1 1 1 1 1 1 1 1 1 1 1 1 1 1 1 1 1 1 1 ]
Last = [ 1 1 1 1 1 1 1 1 1 1 1 1 1 1 1 1 1 1 1 1 ]
nS = 20
S = [ 1 1 1 1 1 1 1 1 1 1 1 1 1 1 1 1 1 1 1 1 ]
