n = 20 ; 
T = 24 ; 
Init = [ 1 1 0 0 1 1 1 0 1 1 1 0 0 0 1 1 1 1 0 1 ]
L = [ 9 6 9 4 10 3 9 5 2 9 7 2 5 3 5 3 6 10 8 9 ]
l = [ 9 6 9 4 10 3 9 5 2 9 7 2 5 3 5 3 6 10 8 9 ]
Pmin = [ 100 64 97 48 99 29 91 57 20 100 75 16 57 21 60 23 58 100 92 100 ]
Pmax = [ 100 64 97 48 99 29 91 57 20 100 75 16 57 21 60 23 58 100 92 100 ]
cf = [ 16.1934 46.4696 15.8992 9.35769 11.0803 13.0335 25.3301 14.8657 16.5469 50.0667 68.3448 67.2562 67.5906 24.6603 37.2096 25.7781 21.8668 34.606 9.27676 12.4121 ]
c0 = [ 250 170 250 137 250 100 249 163 78 250 201 61 149 77 154 68 167 250 232 250 ]
cp = [ 23.1287 17.8892 13.8229 37.6755 9.0181 36.4794 9.90567 29.739 41.1882 12.8526 27.5143 40.9796 26.6277 32.0043 31.4954 34.4293 24.8211 9.67673 16.664 12.4359 ]
D = [ 307 365 407 518 568 614 673 748 821 875 951 1026 1090 1003 925 810 738 659 729 858 920 787 667 494 ]
K = 21
nk = [ -24066440 32721 -24066440 32721 0 0 0 0 0 0 0 0 0 0 0 0 0 0 0 0 ]
First = [ 1 1 1 1 1 1 1 1 1 1 1 1 1 1 1 1 1 1 1 1 ]
Last = [ 1 1 1 1 1 1 1 1 1 1 1 1 1 1 1 1 1 1 1 1 ]
nS = 20
S = [ 1 1 1 1 1 1 1 1 1 1 1 1 1 1 1 1 1 1 1 1 ]
