n = 20 ; 
T = 24 ; 
Init = [ 1 0 0 0 0 0 1 0 0 1 1 1 0 1 1 1 1 1 1 1 ]
L = [ 4 2 3 7 10 5 5 9 5 8 3 8 7 4 4 3 2 2 10 8 ]
l = [ 4 2 3 7 10 5 5 9 5 8 3 8 7 4 4 3 2 2 10 8 ]
Pmin = [ 35 17 26 68 100 48 52 94 49 97 27 86 82 38 36 34 17 19 100 93 ]
Pmax = [ 35 17 26 68 100 48 52 94 49 97 27 86 82 38 36 34 17 19 100 93 ]
cf = [ 41.8924 60.4611 18.4798 40.9555 45.2821 38.9517 22.143 63.9273 9.11644 28.4402 60.3766 19.59 59.8387 21.3109 57.0706 29.2882 60.2047 13.9918 42.3765 64.9868 ]
c0 = [ 98 61 82 187 250 140 142 240 129 250 90 222 228 114 115 103 72 68 250 239 ]
cp = [ 31.9461 39.4909 41.1964 24.5461 8.47459 26.949 28.0096 15.0238 33.2188 21.8875 38.741 20.1 16.4093 27.302 33.351 32.2946 41.9888 39.7982 8.71229 12.9325 ]
D = [ 258 355 399 450 522 577 596 681 707 787 830 896 964 855 789 689 603 553 629 753 876 712 547 416 ]
K = 21
nk = [ -24066440 32721 -24066440 32721 0 0 0 0 0 0 0 0 0 0 0 0 0 0 0 0 ]
First = [ 1 1 1 1 1 1 1 1 1 1 1 1 1 1 1 1 1 1 1 1 ]
Last = [ 1 1 1 1 1 1 1 1 1 1 1 1 1 1 1 1 1 1 1 1 ]
nS = 20
S = [ 1 1 1 1 1 1 1 1 1 1 1 1 1 1 1 1 1 1 1 1 ]
