n = 20 ; 
T = 24 ; 
Init = [ 0 0 0 1 0 1 0 1 0 0 1 1 0 0 1 1 1 0 1 0 ]
L = [ 3 2 7 2 10 6 5 5 9 4 5 9 5 3 10 2 6 2 10 4 ]
l = [ 3 2 7 2 10 6 5 5 9 4 5 9 5 3 10 2 6 2 10 4 ]
Pmin = [ 33 23 77 22 100 58 55 45 100 47 53 93 44 30 100 17 67 21 100 41 ]
Pmax = [ 33 23 77 22 100 58 55 45 100 47 53 93 44 30 100 17 67 21 100 41 ]
cf = [ 49.8065 40.1175 20.7828 13.3586 39.9644 16.9728 31.8874 55.6798 10.702 32.6637 36.4512 62.5464 9.45348 55.132 53.5838 53.1974 24.8426 68.4519 67.1887 8.37518 ]
c0 = [ 108 81 202 83 250 162 146 124 250 126 143 248 136 101 250 69 175 82 250 130 ]
cp = [ 37.1977 41.1207 20.2585 38.4076 9.84016 25.5191 30.6362 29.2133 12.3862 33.5001 36.1846 11.5651 21.9801 36.4796 8.51727 39.8171 30.1764 39.7159 9.09372 28.5634 ]
D = [ 253 311 342 421 473 506 574 619 683 746 811 858 932 839 771 686 597 547 627 727 789 661 533 418 ]
K = 21
nk = [ -24066440 32721 -24066440 32721 0 0 0 0 0 0 0 0 0 0 0 0 0 0 0 0 ]
First = [ 1 1 1 1 1 1 1 1 1 1 1 1 1 1 1 1 1 1 1 1 ]
Last = [ 1 1 1 1 1 1 1 1 1 1 1 1 1 1 1 1 1 1 1 1 ]
nS = 20
S = [ 1 1 1 1 1 1 1 1 1 1 1 1 1 1 1 1 1 1 1 1 ]
