n = 20 ; 
T = 48 ; 
Init = [ 1 1 1 1 1 1 1 1 1 1 1 1 1 1 0 0 0 0 0 0 ]
L = [ 6 4 4 3 3 3 3 3 3 3 3 4 4 4 9 9 9 9 9 8 ]
l = [ 6 4 4 3 3 3 3 3 3 3 3 4 4 4 9 9 9 9 9 8 ]
Pmin = [ 69 46 46 34 34 34 34 31 31 31 31 47 47 47 95 95 95 95 95 86 ]
Pmax = [ 69 46 46 34 34 34 34 31 31 31 31 47 47 47 95 95 95 95 95 86 ]
cf = [ 65.0635 7.41132 7.41132 45.7633 45.7633 45.7633 45.7633 18.7504 18.7504 18.7504 18.7504 41.5975 41.5975 41.5975 24.7709 24.7709 24.7709 24.7709 24.7709 17.843 ]
c0 = [ 194 131 131 94 94 94 94 95 95 95 95 126 126 126 250 250 250 250 250 224 ]
cp = [ 22.5703 32.4934 32.4934 39.6925 39.6925 39.6925 39.6925 32.7162 32.7162 32.7162 32.7162 28.2471 28.2471 28.2471 10.8959 10.8959 10.8959 10.8959 10.8959 16.1533 ]
D = [ 230 281 342 419 472 512 592 649 717 777 805 861 961 884 767 688 635 576 642 715 801 664 559 432 275 328 408 442 498 551 579 661 690 761 808 837 923 838 736 694 613 509 627 746 849 720 603 467 ]
K = 7
nk = [ 1 2 2 3 3 3 3 4 4 4 4 5 5 5 6 6 6 6 6 7 ]
First = [ 1 1 0 1 0 0 0 1 0 0 0 1 0 0 1 0 0 0 0 1 ]
Last = [ 1 0 1 0 0 0 1 0 0 0 1 0 0 1 0 0 0 0 1 1 ]
nS = 20
S = [ 1 1 1 1 1 1 1 1 1 1 1 1 1 1 1 1 1 1 1 1 ]
