n = 20 ; 
T = 48 ; 
Init = [ 1 0 1 0 1 1 0 1 0 0 1 1 0 0 0 1 0 0 1 1 ]
L = [ 7 7 9 3 5 2 8 4 8 9 7 7 4 5 7 7 5 6 3 8 ]
l = [ 7 7 9 3 5 2 8 4 8 9 7 7 4 5 7 7 5 6 3 8 ]
Pmin = [ 82 77 100 32 51 18 82 32 89 100 64 83 41 44 69 71 47 65 35 83 ]
Pmax = [ 82 77 100 32 51 18 82 32 89 100 64 83 41 44 69 71 47 65 35 83 ]
cf = [ 9.18506 26.1166 37.6484 65.4149 26.6286 53.2627 29.1208 68.6923 10.2001 13.2182 37.3376 41.6266 64.1055 68.4624 13.6847 27.1635 39.9955 7.92478 61.2192 27.3073 ]
c0 = [ 218 212 250 100 142 65 227 100 242 250 176 210 117 121 179 183 131 172 97 228 ]
cp = [ 23.3579 20.3168 20.9175 24.9102 27.647 39.6598 13.4719 30.7054 18.9647 10.7183 29.9837 25.7747 24.0761 21.5024 23.3484 18.2055 30.6316 30.402 30.1867 19.4916 ]
D = [ 360 413 498 545 590 664 717 776 808 884 912 965 1022 941 858 777 716 636 720 859 984 796 612 479 316 355 415 486 554 655 713 747 845 906 966 1032 1114 1009 914 836 731 639 745 857 998 799 641 483 ]
K = 21
nk = [ -1875212680 32699 -1875212680 32699 0 0 0 0 0 0 0 0 0 0 0 0 0 0 0 0 ]
First = [ 1 1 1 1 1 1 1 1 1 1 1 1 1 1 1 1 1 1 1 1 ]
Last = [ 1 1 1 1 1 1 1 1 1 1 1 1 1 1 1 1 1 1 1 1 ]
nS = 20
S = [ 1 1 1 1 1 1 1 1 1 1 1 1 1 1 1 1 1 1 1 1 ]
