n = 20 ; 
T = 48 ; 
Init = [ 1 0 0 0 0 0 0 1 0 0 0 0 0 0 1 0 0 0 1 1 ]
L = [ 3 10 6 8 6 8 9 8 7 8 5 6 6 2 7 6 7 4 10 9 ]
l = [ 3 10 6 8 6 8 9 8 7 8 5 6 6 2 7 6 7 4 10 9 ]
Pmin = [ 19 100 69 87 52 85 100 90 67 80 44 63 50 20 76 57 67 46 100 94 ]
Pmax = [ 19 100 69 87 52 85 100 90 67 80 44 63 50 20 76 57 67 46 100 94 ]
cf = [ 64.6482 25.2468 50.6908 66.7157 37.1747 60.6608 7.13037 43.5287 38.3801 39.7654 64.1865 45.6462 28.3215 42.9551 57.5104 9.28076 10.2148 35.3618 61.5456 19.2043 ]
c0 = [ 59 250 189 222 151 225 250 244 174 213 121 165 152 64 197 149 179 137 250 246 ]
cp = [ 32.8531 9.02863 30.0757 21.1613 20.8059 27.3849 12.522 10.7617 18.8564 18.867 21.4789 18.203 26.5285 39.7083 14.9511 19.6491 21.2907 22.9176 8.89659 13.0021 ]
D = [ 278 328 444 502 610 653 734 808 928 969 1072 1157 1206 1092 979 890 743 668 739 889 1003 804 672 470 301 379 474 495 556 630 735 759 835 881 945 1038 1107 1038 960 891 768 716 838 924 998 829 643 470 ]
K = 21
nk = [ -1875212680 32699 -1875212680 32699 0 0 0 0 0 0 0 0 0 0 0 0 0 0 0 0 ]
First = [ 1 1 1 1 1 1 1 1 1 1 1 1 1 1 1 1 1 1 1 1 ]
Last = [ 1 1 1 1 1 1 1 1 1 1 1 1 1 1 1 1 1 1 1 1 ]
nS = 20
S = [ 1 1 1 1 1 1 1 1 1 1 1 1 1 1 1 1 1 1 1 1 ]
