n = 20 ; 
T = 48 ; 
Init = [ 1 0 0 1 1 1 1 1 1 1 0 0 0 0 1 1 1 0 0 0 ]
L = [ 2 7 7 5 5 5 5 6 6 6 10 10 10 10 3 3 3 8 8 8 ]
l = [ 2 7 7 5 5 5 5 6 6 6 10 10 10 10 3 3 3 8 8 8 ]
Pmin = [ 22 78 78 55 55 55 55 61 61 61 100 100 100 100 31 31 31 87 87 87 ]
Pmax = [ 22 78 78 55 55 55 55 61 61 61 100 100 100 100 31 31 31 87 87 87 ]
cf = [ 64.446 9.8118 9.8118 34.0092 34.0092 34.0092 34.0092 57.1961 57.1961 57.1961 41.9272 41.9272 41.9272 41.9272 41.8269 41.8269 41.8269 40.9469 40.9469 40.9469 ]
c0 = [ 82 201 201 152 152 152 152 167 167 167 250 250 250 250 98 98 98 229 229 229 ]
cp = [ 40.9024 22.0796 22.0796 23.7478 23.7478 23.7478 23.7478 26.4174 26.4174 26.4174 8.97671 8.97671 8.97671 8.97671 35.9521 35.9521 35.9521 27.1576 27.1576 27.1576 ]
D = [ 315 409 466 514 572 673 722 787 855 977 1030 1098 1166 1057 941 867 784 657 799 929 1019 861 650 471 287 370 393 483 552 605 683 729 813 885 928 1010 1063 1007 881 829 757 657 767 868 985 829 677 500 ]
K = 7
nk = [ 1 2 2 3 3 3 3 4 4 4 5 5 5 5 6 6 6 7 7 7 ]
First = [ 1 1 0 1 0 0 0 1 0 0 1 0 0 0 1 0 0 1 0 0 ]
Last = [ 1 0 1 0 0 0 1 0 0 1 0 0 0 1 0 0 1 0 0 1 ]
nS = 20
S = [ 1 1 1 1 1 1 1 1 1 1 1 1 1 1 1 1 1 1 1 1 ]
