n = 20 ; 
T = 48 ; 
Init = [ 1 0 0 1 0 0 0 1 0 0 1 0 1 0 0 1 0 1 0 1 ]
L = [ 9 8 8 4 6 9 6 2 10 3 5 4 7 2 8 6 7 5 7 8 ]
l = [ 9 8 8 4 6 9 6 2 10 3 5 4 7 2 8 6 7 5 7 8 ]
Pmin = [ 100 96 75 35 66 99 75 20 100 21 46 42 75 21 96 59 75 59 73 88 ]
Pmax = [ 100 96 75 35 66 99 75 20 100 21 46 42 75 21 96 59 75 59 73 88 ]
cf = [ 26.9521 24.1789 22.0671 34.6169 55.7236 17.1504 35.0237 66.1667 10.2082 19.7215 38.7509 22.7906 18.2358 14.647 61.4527 44.1961 23.0507 13.9569 22.8006 47.5428 ]
c0 = [ 250 250 203 107 177 250 195 74 250 69 142 113 194 65 246 165 208 152 205 234 ]
cp = [ 11.0579 12.3235 19.4422 35.6721 31.663 19.7565 32.5955 40.6877 8.13783 33.631 33.337 21.8883 23.1116 38.2189 9.68929 30.6854 16.4888 18.8745 23.4011 19.7613 ]
D = [ 354 384 452 559 579 683 726 796 898 952 987 1057 1126 1018 925 832 740 633 753 874 969 804 689 506 358 445 468 565 599 662 764 834 872 924 1029 1053 1125 1020 940 847 750 679 786 875 947 821 650 527 ]
K = 21
nk = [ 0 0 0 0 0 0 0 0 0 0 0 0 0 0 0 0 0 0 0 0 ]
First = [ 1 1 1 1 1 1 1 1 1 1 1 1 1 1 1 1 1 1 1 1 ]
Last = [ 1 1 1 1 1 1 1 1 1 1 1 1 1 1 1 1 1 1 1 1 ]
nS = 20
S = [ 1 1 1 1 1 1 1 1 1 1 1 1 1 1 1 1 1 1 1 1 ]
