n = 20 ; 
T = 48 ; 
Init = [ 1 1 1 1 1 0 1 0 1 1 1 1 0 1 0 0 0 1 0 1 ]
L = [ 4 7 10 7 8 6 6 6 9 7 4 10 5 7 7 5 8 4 10 6 ]
l = [ 4 7 10 7 8 6 6 6 9 7 4 10 5 7 7 5 8 4 10 6 ]
Pmin = [ 49 77 100 81 92 72 65 59 100 74 43 100 50 72 70 44 92 37 100 64 ]
Pmax = [ 49 77 100 81 92 72 65 59 100 74 43 100 50 72 70 44 92 37 100 64 ]
cf = [ 33.6844 43.7629 57.3322 19.8236 34.8558 16.9954 55.204 15.8636 31.1668 15.0931 11.6439 68.6987 19.3335 38.6825 50.249 43.3869 67.9037 32.9476 36.9084 32.593 ]
c0 = [ 141 197 250 219 240 194 183 172 250 207 126 250 148 188 199 118 235 103 250 165 ]
cp = [ 33.5338 20.4087 8.52642 26.278 20.6611 26.5289 21.9632 25.1095 8.54773 25.6888 31.5857 9.18663 29.9533 24.1526 12.8951 33.1928 13.6405 38.15 11.0257 24.7183 ]
D = [ 318 381 466 534 604 679 768 790 877 932 1025 1096 1186 1076 994 902 789 701 785 909 1052 887 677 545 332 416 471 557 598 709 794 841 913 950 1071 1129 1189 1090 1005 888 804 724 881 981 1151 965 739 518 ]
K = 21
nk = [ -1875212680 32699 -1875212680 32699 0 0 0 0 0 0 0 0 0 0 0 0 0 0 0 0 ]
First = [ 1 1 1 1 1 1 1 1 1 1 1 1 1 1 1 1 1 1 1 1 ]
Last = [ 1 1 1 1 1 1 1 1 1 1 1 1 1 1 1 1 1 1 1 1 ]
nS = 20
S = [ 1 1 1 1 1 1 1 1 1 1 1 1 1 1 1 1 1 1 1 1 ]
