n = 20 ; 
T = 48 ; 
Init = [ 1 0 0 1 0 0 1 0 1 0 0 0 0 0 1 0 1 0 0 0 ]
L = [ 7 5 5 8 7 8 8 7 10 10 9 8 6 6 6 10 9 8 8 6 ]
l = [ 7 5 5 8 7 8 8 7 10 10 9 8 6 6 6 10 9 8 8 6 ]
Pmin = [ 74 49 43 93 67 92 84 76 100 100 100 91 61 68 58 100 100 81 85 60 ]
Pmax = [ 74 49 43 93 67 92 84 76 100 100 100 91 61 68 58 100 100 81 85 60 ]
cf = [ 20.8135 12.7877 26.0412 35.1646 68.6829 46.2776 60.3239 46.9792 8.45287 40.7019 56.9413 29.7965 12.011 66.2019 48.0762 16.3192 13.9428 59.8301 17.2205 34.0843 ]
c0 = [ 194 139 116 240 172 234 216 194 250 250 250 240 174 188 170 250 250 214 228 176 ]
cp = [ 23.3298 33.0643 32.3488 16.1605 30.4491 10.8568 15.4612 26.2214 10.0626 8.96088 15.9466 21.1516 24.6849 28.4315 29.853 8.90411 21.0327 21.1123 16.6403 33.3174 ]
D = [ 361 406 536 595 718 803 879 994 1029 1114 1262 1338 1437 1299 1189 1046 924 787 929 1037 1183 1001 813 650 479 567 630 711 776 807 921 981 1061 1137 1205 1281 1352 1229 1136 1012 899 847 964 1076 1226 1056 856 659 ]
K = 21
nk = [ -1875212680 32699 -1875212680 32699 0 0 0 0 0 0 0 0 0 0 0 0 0 0 0 0 ]
First = [ 1 1 1 1 1 1 1 1 1 1 1 1 1 1 1 1 1 1 1 1 ]
Last = [ 1 1 1 1 1 1 1 1 1 1 1 1 1 1 1 1 1 1 1 1 ]
nS = 20
S = [ 1 1 1 1 1 1 1 1 1 1 1 1 1 1 1 1 1 1 1 1 ]
