n = 20 ; 
T = 48 ; 
Init = [ 1 1 1 0 0 0 1 0 1 0 1 0 1 0 1 0 0 1 1 0 ]
L = [ 3 8 4 10 6 5 4 5 9 4 9 7 2 9 5 4 5 3 4 8 ]
l = [ 3 8 4 10 6 5 4 5 9 4 9 7 2 9 5 4 5 3 4 8 ]
Pmin = [ 35 75 40 100 72 55 36 57 95 38 94 80 18 100 57 41 57 40 49 81 ]
Pmax = [ 35 75 40 100 72 55 36 57 95 38 94 80 18 100 57 41 57 40 49 81 ]
cf = [ 58.7056 63.3867 23.8413 11.4338 58.388 51.2917 7.70195 12.6994 46.4706 62.1883 24.817 24.2332 61.892 28.4086 35.0616 44.774 7.5815 22.353 19.6186 45.6811 ]
c0 = [ 109 213 107 250 198 158 115 161 250 111 241 210 71 250 156 117 160 119 133 227 ]
cp = [ 32.4671 24.4675 37.9501 8.29379 22.6568 23.0257 28.5927 22.6142 10.4044 35.2722 14.0199 19.7271 41.5426 21.1485 29.1635 36.393 25.5057 34.012 24.4749 19.4234 ]
D = [ 312 393 454 517 579 628 684 749 768 863 916 978 1039 953 849 779 665 610 699 785 865 738 620 487 357 446 473 523 614 645 699 781 809 870 961 1025 1080 969 878 776 695 570 676 767 877 712 621 469 ]
K = 21
nk = [ 0 0 0 0 0 0 0 0 0 0 0 0 0 0 0 0 0 0 0 0 ]
First = [ 1 1 1 1 1 1 1 1 1 1 1 1 1 1 1 1 1 1 1 1 ]
Last = [ 1 1 1 1 1 1 1 1 1 1 1 1 1 1 1 1 1 1 1 1 ]
nS = 20
S = [ 1 1 1 1 1 1 1 1 1 1 1 1 1 1 1 1 1 1 1 1 ]
