n = 20 ; 
T = 48 ; 
Init = [ 0 1 0 0 1 1 0 1 0 1 0 1 0 0 0 1 0 1 0 1 ]
L = [ 9 10 3 4 7 6 7 6 2 3 2 5 9 8 9 9 2 2 10 10 ]
l = [ 9 10 3 4 7 6 7 6 2 3 2 5 9 8 9 9 2 2 10 10 ]
Pmin = [ 95 100 27 35 83 66 76 58 23 26 17 46 97 79 100 91 13 26 100 100 ]
Pmax = [ 95 100 27 35 83 66 76 58 23 26 17 46 97 79 100 91 13 26 100 100 ]
cf = [ 51.4768 67.2358 39.7406 15.5081 69.7927 34.2007 17.0196 69.9593 19.8478 22.6136 19.1318 69.7541 31.103 63.3621 28.5583 49.0446 36.8103 24.5808 34.175 53.8114 ]
c0 = [ 250 250 91 101 216 182 212 167 71 87 63 137 250 215 250 236 48 84 250 250 ]
cp = [ 15.2678 16.3753 37.7991 34.6123 18.4672 25.8565 20.1144 18.0884 39.8026 40.3806 34.6737 22.7697 10.0571 19.4501 17.0821 9.38013 41.6854 35.8522 8.58807 8.32259 ]
D = [ 363 433 502 555 585 626 710 752 822 886 921 1013 1064 958 876 797 738 647 763 856 964 784 657 493 293 365 442 515 550 624 720 740 841 873 956 1014 1075 991 894 824 735 634 706 826 915 758 611 459 ]
K = 21
nk = [ -1875212680 32699 -1875212680 32699 0 0 0 0 0 0 0 0 0 0 0 0 0 0 0 0 ]
First = [ 1 1 1 1 1 1 1 1 1 1 1 1 1 1 1 1 1 1 1 1 ]
Last = [ 1 1 1 1 1 1 1 1 1 1 1 1 1 1 1 1 1 1 1 1 ]
nS = 20
S = [ 1 1 1 1 1 1 1 1 1 1 1 1 1 1 1 1 1 1 1 1 ]
