n = 20 ; 
T = 48 ; 
Init = [ 1 0 1 1 1 0 0 0 0 0 1 1 0 0 0 0 1 1 0 1 ]
L = [ 5 10 9 3 5 5 4 7 6 6 7 7 4 3 7 8 5 5 7 3 ]
l = [ 5 10 9 3 5 5 4 7 6 6 7 7 4 3 7 8 5 5 7 3 ]
Pmin = [ 55 100 99 20 48 62 48 78 67 58 82 77 48 20 71 84 58 56 75 28 ]
Pmax = [ 55 100 99 20 48 62 48 78 67 58 82 77 48 20 71 84 58 56 75 28 ]
cf = [ 39.1491 28.2649 46.3714 28.8582 48.7386 61.0862 52.7735 44.9974 46.6912 9.57547 18.6522 44.4727 68.1972 48.5928 12.1059 11.3662 58.9295 15.0603 50.7626 18.1039 ]
c0 = [ 164 250 250 69 128 162 127 212 179 162 221 203 137 71 189 214 159 149 208 93 ]
cp = [ 28.1459 9.76242 16.0625 38.696 29.522 35.3484 36.2926 21.3068 30.6526 22.9479 15.4854 24.689 22.2066 40.4776 24.0547 23.6386 27.4967 25.3502 20.2869 40.7999 ]
D = [ 348 374 432 478 532 633 672 717 783 858 870 945 1013 932 823 775 701 613 736 848 982 818 632 494 319 381 461 527 591 611 675 784 836 889 959 1029 1087 968 892 791 693 599 680 800 884 734 595 459 ]
K = 21
nk = [ -1875212568 32699 -1875212568 32699 0 0 0 0 0 0 0 0 0 0 0 0 0 0 0 0 ]
First = [ 1 1 1 1 1 1 1 1 1 1 1 1 1 1 1 1 1 1 1 1 ]
Last = [ 1 1 1 1 1 1 1 1 1 1 1 1 1 1 1 1 1 1 1 1 ]
nS = 20
S = [ 1 1 1 1 1 1 1 1 1 1 1 1 1 1 1 1 1 1 1 1 ]
