n = 20 ; 
T = 48 ; 
Init = [ 0 0 0 0 0 1 1 1 1 1 0 0 0 0 0 0 1 1 1 1 ]
L = [ 10 10 10 10 10 7 7 7 7 7 3 3 9 9 9 9 8 8 8 8 ]
l = [ 10 10 10 10 10 7 7 7 7 7 3 3 9 9 9 9 8 8 8 8 ]
Pmin = [ 100 100 100 100 100 65 65 65 65 65 19 19 96 96 96 96 84 84 84 84 ]
Pmax = [ 100 100 100 100 100 65 65 65 65 65 19 19 96 96 96 96 84 84 84 84 ]
cf = [ 29.3327 29.3327 29.3327 29.3327 29.3327 28.799 28.799 28.799 28.799 28.799 58.0921 58.0921 8.83478 8.83478 8.83478 8.83478 66.5685 66.5685 66.5685 66.5685 ]
c0 = [ 250 250 250 250 250 181 181 181 181 181 65 65 250 250 250 250 219 219 219 219 ]
cp = [ 8.91134 8.91134 8.91134 8.91134 8.91134 26.2041 26.2041 26.2041 26.2041 26.2041 38.179 38.179 8.63432 8.63432 8.63432 8.63432 9.15876 9.15876 9.15876 9.15876 ]
D = [ 411 450 535 645 745 783 913 949 1079 1160 1191 1302 1365 1245 1149 1022 906 786 936 1081 1222 1010 786 594 404 465 544 639 704 811 861 944 1037 1104 1173 1264 1344 1201 1095 999 946 836 905 1076 1182 1000 791 581 ]
K = 5
nk = [ 1 1 1 1 1 2 2 2 2 2 3 3 4 4 4 4 5 5 5 5 ]
First = [ 1 0 0 0 0 1 0 0 0 0 1 0 1 0 0 0 1 0 0 0 ]
Last = [ 0 0 0 0 1 0 0 0 0 1 0 1 0 0 0 1 0 0 0 1 ]
nS = 20
S = [ 1 1 1 1 1 1 1 1 1 1 1 1 1 1 1 1 1 1 1 1 ]
