n = 20 ; 
T = 48 ; 
Init = [ 1 1 1 1 1 1 1 1 1 1 1 1 1 1 1 0 0 1 0 0 ]
L = [ 4 4 4 5 4 4 4 4 3 3 4 4 4 4 4 2 2 10 9 9 ]
l = [ 4 4 4 5 4 4 4 4 3 3 4 4 4 4 4 2 2 10 9 9 ]
Pmin = [ 47 47 47 52 38 38 38 38 34 34 42 42 42 42 42 20 20 100 88 88 ]
Pmax = [ 47 47 47 52 38 38 38 38 34 34 42 42 42 42 42 20 20 100 88 88 ]
cf = [ 35.9188 35.9188 35.9188 26.1756 9.78463 9.78463 9.78463 9.78463 49.3981 49.3981 66.2134 66.2134 66.2134 66.2134 66.2134 64.8801 64.8801 47.9799 17.0521 17.0521 ]
c0 = [ 132 132 132 142 110 110 110 110 93 93 130 130 130 130 130 74 74 250 230 230 ]
cp = [ 33.7059 33.7059 33.7059 26.1062 31.0499 31.0499 31.0499 31.0499 40.1451 40.1451 32.2516 32.2516 32.2516 32.2516 32.2516 41.7921 41.7921 11.3737 12.3574 12.3574 ]
D = [ 200 222 274 362 403 464 496 531 583 638 720 771 816 719 674 585 505 429 517 606 676 553 470 329 240 283 333 380 423 472 509 562 591 649 702 735 787 729 644 597 529 465 569 654 757 606 456 318 ]
K = 8
nk = [ 1 1 1 2 3 3 3 3 4 4 5 5 5 5 5 6 6 7 8 8 ]
First = [ 1 0 0 1 1 0 0 0 1 0 1 0 0 0 0 1 0 1 1 0 ]
Last = [ 0 0 1 1 0 0 0 1 0 1 0 0 0 0 1 0 1 1 0 1 ]
nS = 20
S = [ 1 1 1 1 1 1 1 1 1 1 1 1 1 1 1 1 1 1 1 1 ]
