n = 20 ; 
T = 48 ; 
Init = [ 0 1 0 1 1 0 1 0 0 1 1 0 0 1 1 1 1 0 0 0 ]
L = [ 7 4 4 3 5 10 9 3 7 7 10 10 3 6 6 3 9 4 9 8 ]
l = [ 7 4 4 3 5 10 9 3 7 7 10 10 3 6 6 3 9 4 9 8 ]
Pmin = [ 77 42 48 33 48 99 97 24 69 68 100 100 31 70 54 32 97 43 98 81 ]
Pmax = [ 77 42 48 33 48 99 97 24 69 68 100 100 31 70 54 32 97 43 98 81 ]
cf = [ 28.5173 53.1775 32.3284 44.5987 47.3419 47.053 54.3845 10.5387 54.8636 23.2283 39.8077 9.10316 41.9417 8.11918 23.8392 39.6058 56.202 31.8239 59.8768 37.4005 ]
c0 = [ 201 117 135 96 146 250 245 76 191 181 250 250 106 200 160 109 242 116 250 205 ]
cp = [ 22.6605 40.0685 31.6464 38.5457 24.0373 10.209 18.2437 40.7494 14.4896 14.3748 10.8808 9.91602 36.3106 21.4263 22.0861 28.9354 9.70774 28.0127 14.658 18.8533 ]
D = [ 364 437 480 561 618 676 774 799 893 948 1028 1068 1130 1060 918 839 730 616 717 837 941 800 627 507 329 429 488 564 588 664 732 802 858 938 984 1083 1126 1039 974 836 761 667 761 862 954 816 668 469 ]
K = 21
nk = [ -1875212680 32699 -1875212680 32699 0 0 0 0 0 0 0 0 0 0 0 0 0 0 0 0 ]
First = [ 1 1 1 1 1 1 1 1 1 1 1 1 1 1 1 1 1 1 1 1 ]
Last = [ 1 1 1 1 1 1 1 1 1 1 1 1 1 1 1 1 1 1 1 1 ]
nS = 20
S = [ 1 1 1 1 1 1 1 1 1 1 1 1 1 1 1 1 1 1 1 1 ]
