n = 20 ; 
T = 48 ; 
Init = [ 1 1 1 1 1 1 0 0 0 1 1 1 1 1 1 1 1 1 1 1 ]
L = [ 6 6 6 6 10 10 8 8 8 3 3 3 10 10 10 9 9 9 9 9 ]
l = [ 6 6 6 6 10 10 8 8 8 3 3 3 10 10 10 9 9 9 9 9 ]
Pmin = [ 69 69 69 69 100 100 90 90 90 20 20 20 100 100 100 91 91 91 91 91 ]
Pmax = [ 69 69 69 69 100 100 90 90 90 20 20 20 100 100 100 91 91 91 91 91 ]
cf = [ 33.2631 33.2631 33.2631 33.2631 61.3969 61.3969 10.8583 10.8583 10.8583 42.5054 42.5054 42.5054 60.7321 60.7321 60.7321 34.8067 34.8067 34.8067 34.8067 34.8067 ]
c0 = [ 188 188 188 188 250 250 232 232 232 70 70 70 250 250 250 232 232 232 232 232 ]
cp = [ 25.2519 25.2519 25.2519 25.2519 8.07652 8.07652 9.38851 9.38851 9.38851 39.3122 39.3122 39.3122 8.9968 8.9968 8.9968 17.1969 17.1969 17.1969 17.1969 17.1969 ]
D = [ 449 521 554 681 730 799 883 960 1042 1157 1252 1308 1393 1228 1133 979 863 718 890 1051 1228 1022 784 587 407 469 548 636 713 776 896 963 1030 1085 1217 1258 1328 1236 1144 978 858 741 918 1051 1202 1006 779 574 ]
K = 6
nk = [ 1 1 1 1 2 2 3 3 3 4 4 4 5 5 5 6 6 6 6 6 ]
First = [ 1 0 0 0 1 0 1 0 0 1 0 0 1 0 0 1 0 0 0 0 ]
Last = [ 0 0 0 1 0 1 0 0 1 0 0 1 0 0 1 0 0 0 0 1 ]
nS = 20
S = [ 1 1 1 1 1 1 1 1 1 1 1 1 1 1 1 1 1 1 1 1 ]
