n = 20 ; 
T = 48 ; 
Init = [ 0 0 0 0 0 0 0 0 0 0 0 0 0 0 0 0 0 0 0 0 ]
L = [ 9 9 9 9 2 2 2 2 2 8 8 8 6 8 8 7 7 7 10 10 ]
l = [ 9 9 9 9 2 2 2 2 2 8 8 8 6 8 8 7 7 7 10 10 ]
Pmin = [ 97 97 97 97 19 19 19 19 19 85 85 85 56 82 82 80 80 80 100 100 ]
Pmax = [ 97 97 97 97 19 19 19 19 19 85 85 85 56 82 82 80 80 80 100 100 ]
cf = [ 12.3334 12.3334 12.3334 12.3334 32.2121 32.2121 32.2121 32.2121 32.2121 29.3775 29.3775 29.3775 43.4815 52.3236 52.3236 12.6146 12.6146 12.6146 68.6852 68.6852 ]
c0 = [ 250 250 250 250 56 56 56 56 56 231 231 231 147 212 212 209 209 209 250 250 ]
cp = [ 9.28365 9.28365 9.28365 9.28365 39.167 39.167 39.167 39.167 39.167 18.3831 18.3831 18.3831 27.4229 14.3065 14.3065 32.1387 32.1387 32.1387 9.23392 9.23392 ]
D = [ 420 489 513 617 639 708 811 852 918 978 1026 1113 1167 1078 950 881 792 657 835 969 1081 882 669 485 300 377 448 527 621 676 771 870 909 981 1082 1174 1231 1116 1015 899 811 740 862 966 1108 912 676 503 ]
K = 7
nk = [ 1 1 1 1 2 2 2 2 2 3 3 3 4 5 5 6 6 6 7 7 ]
First = [ 1 0 0 0 1 0 0 0 0 1 0 0 1 1 0 1 0 0 1 0 ]
Last = [ 0 0 0 1 0 0 0 0 1 0 0 1 1 0 1 0 0 1 0 1 ]
nS = 20
S = [ 1 1 1 1 1 1 1 1 1 1 1 1 1 1 1 1 1 1 1 1 ]
