n = 20 ; 
T = 48 ; 
Init = [ 0 1 0 1 0 0 0 0 1 0 1 1 0 0 1 0 0 0 1 1 ]
L = [ 9 8 9 9 8 7 3 10 9 8 5 8 3 9 8 4 3 3 9 9 ]
l = [ 9 8 9 9 8 7 3 10 9 8 5 8 3 9 8 4 3 3 9 9 ]
Pmin = [ 99 92 100 93 74 77 31 100 100 87 52 88 29 100 96 48 28 27 90 99 ]
Pmax = [ 99 92 100 93 74 77 31 100 100 87 52 88 29 100 96 48 28 27 90 99 ]
cf = [ 17.9098 36.5896 24.0988 47.2124 65.3314 13.9526 16.833 41.2515 41.3542 35.1874 69.3966 46.3866 23.6905 15.2414 23.6953 60.3281 64.1905 52.7595 9.48975 53.5468 ]
c0 = [ 250 250 250 247 201 212 94 250 250 241 153 239 83 250 250 132 84 90 242 250 ]
cp = [ 15.2072 10.5665 12.2995 19.1653 28.386 19.725 38.9149 9.42768 10.5295 17.6354 32.0561 25.2569 39.5314 9.87827 16.1572 34.8767 41.24 35.9167 14.7041 11.0356 ]
D = [ 397 468 555 668 744 782 851 945 1032 1124 1175 1272 1367 1252 1100 999 917 803 890 1010 1053 903 753 574 373 453 526 607 695 743 822 871 971 1065 1122 1176 1244 1149 1047 940 865 774 899 964 1065 931 721 567 ]
K = 21
nk = [ -1875212568 32699 -1875212568 32699 0 0 0 0 0 0 0 0 0 0 0 0 0 0 0 0 ]
First = [ 1 1 1 1 1 1 1 1 1 1 1 1 1 1 1 1 1 1 1 1 ]
Last = [ 1 1 1 1 1 1 1 1 1 1 1 1 1 1 1 1 1 1 1 1 ]
nS = 20
S = [ 1 1 1 1 1 1 1 1 1 1 1 1 1 1 1 1 1 1 1 1 ]
