n = 20 ; 
T = 48 ; 
Init = [ 1 0 1 0 0 1 1 0 0 0 1 0 0 1 0 1 1 1 0 1 ]
L = [ 3 6 3 6 3 5 6 7 3 7 6 7 2 3 4 6 4 10 3 4 ]
l = [ 3 6 3 6 3 5 6 7 3 7 6 7 2 3 4 6 4 10 3 4 ]
Pmin = [ 33 62 35 65 30 53 63 78 21 71 62 70 14 23 38 67 39 100 23 43 ]
Pmax = [ 33 62 35 65 30 53 63 78 21 71 62 70 14 23 38 67 39 100 23 43 ]
cf = [ 59.5094 36.2643 11.0836 65.6258 56.1391 30.2905 18.7975 7.18799 8.08646 63.9382 26.0226 64.686 57.4508 19.7112 64.9516 33.4658 7.09145 37.5469 30.6579 11.7321 ]
c0 = [ 109 178 114 166 97 155 174 218 63 197 171 191 50 76 104 171 117 250 86 131 ]
cp = [ 38.5047 25.8288 38.7745 24.8704 38.7138 28.2297 22.0042 19.5716 39.4194 21.792 28.2068 20.3801 37.5045 37.2934 35.5582 15.5869 22.9705 8.1854 41.0502 26.152 ]
D = [ 234 277 343 394 429 490 542 602 647 693 747 776 855 785 698 656 563 500 587 644 704 627 482 377 252 308 360 410 441 493 527 567 619 662 736 782 827 728 690 619 537 482 589 677 767 672 522 420 ]
K = 21
nk = [ -1875212680 32699 -1875212680 32699 0 0 0 0 0 0 0 0 0 0 0 0 0 0 0 0 ]
First = [ 1 1 1 1 1 1 1 1 1 1 1 1 1 1 1 1 1 1 1 1 ]
Last = [ 1 1 1 1 1 1 1 1 1 1 1 1 1 1 1 1 1 1 1 1 ]
nS = 20
S = [ 1 1 1 1 1 1 1 1 1 1 1 1 1 1 1 1 1 1 1 1 ]
