n = 20 ; 
T = 48 ; 
Init = [ 0 0 0 1 1 1 1 0 1 0 1 0 1 1 1 0 1 1 0 0 ]
L = [ 2 9 9 9 7 5 5 5 9 7 9 9 8 2 7 9 8 6 8 8 ]
l = [ 2 9 9 9 7 5 5 5 9 7 9 9 8 2 7 9 8 6 8 8 ]
Pmin = [ 19 96 98 91 71 55 56 59 89 76 99 96 88 30 71 100 82 61 95 88 ]
Pmax = [ 19 96 98 91 71 55 56 59 89 76 99 96 88 30 71 100 82 61 95 88 ]
cf = [ 31.9898 60.9567 30.8261 9.2141 56.9331 58.6209 40.5369 21.2962 31.28 40.0979 53.3334 17.9723 49.1396 48.691 44.5716 47.292 52.9003 62.2396 13.7328 24.7682 ]
c0 = [ 74 244 250 237 202 144 150 161 235 194 250 250 240 95 201 250 213 173 241 229 ]
cp = [ 41.785 13.083 14.7275 16.4941 14.6784 23.2123 30.3491 23.0401 11.1242 14.5105 9.62492 14.3661 13.8942 41.0777 22.3105 8.52439 15.9687 24.2909 13.293 17.4496 ]
D = [ 420 548 605 690 716 792 876 991 1038 1101 1201 1250 1357 1254 1129 999 910 811 872 1004 1122 934 697 512 294 434 489 539 661 727 789 914 989 1031 1128 1253 1320 1198 1100 981 844 725 868 982 1115 950 744 562 ]
K = 21
nk = [ -1875212680 32699 -1875212680 32699 0 0 0 0 0 0 0 0 0 0 0 0 0 0 0 0 ]
First = [ 1 1 1 1 1 1 1 1 1 1 1 1 1 1 1 1 1 1 1 1 ]
Last = [ 1 1 1 1 1 1 1 1 1 1 1 1 1 1 1 1 1 1 1 1 ]
nS = 20
S = [ 1 1 1 1 1 1 1 1 1 1 1 1 1 1 1 1 1 1 1 1 ]
