n = 20 ; 
T = 48 ; 
Init = [ 0 0 0 0 1 0 1 0 1 1 1 1 1 1 1 1 1 1 1 0 ]
L = [ 8 9 9 9 3 7 2 5 3 5 7 10 6 8 6 4 5 5 4 6 ]
l = [ 8 9 9 9 3 7 2 5 3 5 7 10 6 8 6 4 5 5 4 6 ]
Pmin = [ 77 100 95 98 25 66 23 60 20 51 75 100 63 81 61 37 52 59 44 61 ]
Pmax = [ 77 100 95 98 25 66 23 60 20 51 75 100 63 81 61 37 52 59 44 61 ]
cf = [ 10.5619 7.37344 32.7202 40.7894 25.1236 59.561 32.502 60.5535 33.7526 9.79699 44.5017 49.1273 58.2115 12.4076 23.6362 53.367 32.2758 20.9394 46.9344 27.9136 ]
c0 = [ 201 250 248 250 91 176 88 174 79 146 190 250 164 207 177 104 139 170 131 168 ]
cp = [ 15.8628 13.998 13.5224 12.8299 38.5247 22.2981 41.3559 20.1637 40.7594 24.3731 17.5106 17.2106 31.6164 17.534 17.2787 35.5811 28.1505 39.649 29.5895 26.9879 ]
D = [ 330 391 490 512 618 658 706 809 869 923 964 1052 1084 1039 897 802 734 645 762 862 986 798 603 440 303 358 441 515 556 647 713 780 856 912 975 1041 1124 995 914 831 704 623 729 871 960 795 690 498 ]
K = 21
nk = [ -1875212680 32699 -1875212680 32699 0 0 0 0 0 0 0 0 0 0 0 0 0 0 0 0 ]
First = [ 1 1 1 1 1 1 1 1 1 1 1 1 1 1 1 1 1 1 1 1 ]
Last = [ 1 1 1 1 1 1 1 1 1 1 1 1 1 1 1 1 1 1 1 1 ]
nS = 20
S = [ 1 1 1 1 1 1 1 1 1 1 1 1 1 1 1 1 1 1 1 1 ]
