n = 20 ; 
T = 48 ; 
Init = [ 0 0 0 0 1 0 0 0 0 0 1 1 1 1 1 1 1 1 1 1 ]
L = [ 3 2 9 9 10 10 10 10 10 10 3 3 3 9 9 9 9 9 4 4 ]
l = [ 3 2 9 9 10 10 10 10 10 10 3 3 3 9 9 9 9 9 4 4 ]
Pmin = [ 35 20 100 100 100 100 100 100 100 100 29 29 29 90 90 90 90 90 35 35 ]
Pmax = [ 35 20 100 100 100 100 100 100 100 100 29 29 29 90 90 90 90 90 35 35 ]
cf = [ 60.1183 23.3588 62.319 62.319 31.1841 13.9719 13.9719 13.9719 13.9719 13.9719 18.6582 18.6582 18.6582 51.4547 51.4547 51.4547 51.4547 51.4547 52.1693 52.1693 ]
c0 = [ 110 65 250 250 250 250 250 250 250 250 96 96 96 240 240 240 240 240 115 115 ]
cp = [ 37.8938 41.8231 19.5047 19.5047 8.91027 9.38187 9.38187 9.38187 9.38187 9.38187 40.4797 40.4797 40.4797 16.768 16.768 16.768 16.768 16.768 30.8089 30.8089 ]
D = [ 393 431 522 624 657 722 838 895 996 1025 1125 1172 1289 1146 1072 906 817 711 815 920 1039 868 649 489 321 379 434 507 639 664 755 819 943 1017 1049 1127 1227 1107 1044 928 786 727 800 948 1054 880 678 488 ]
K = 8
nk = [ 1 2 3 3 4 5 5 5 5 5 6 6 6 7 7 7 7 7 8 8 ]
First = [ 1 1 1 0 1 1 0 0 0 0 1 0 0 1 0 0 0 0 1 0 ]
Last = [ 1 1 0 1 1 0 0 0 0 1 0 0 1 0 0 0 0 1 0 1 ]
nS = 20
S = [ 1 1 1 1 1 1 1 1 1 1 1 1 1 1 1 1 1 1 1 1 ]
