n = 20 ; 
T = 48 ; 
Init = [ 1 1 0 0 0 1 1 1 1 1 1 1 1 1 1 1 1 1 0 0 ]
L = [ 4 4 9 9 9 9 9 6 6 6 6 6 6 6 6 8 9 9 7 7 ]
l = [ 4 4 9 9 9 9 9 6 6 6 6 6 6 6 6 8 9 9 7 7 ]
Pmin = [ 41 41 100 100 100 100 100 65 65 65 65 65 64 64 64 97 100 100 78 78 ]
Pmax = [ 41 41 100 100 100 100 100 65 65 65 65 65 64 64 64 97 100 100 78 78 ]
cf = [ 56.8277 56.8277 25.6949 25.6949 25.6949 37.3413 37.3413 36.6061 36.6061 36.6061 36.6061 36.6061 22.1179 22.1179 22.1179 26.2052 36.2769 36.2769 7.84353 7.84353 ]
c0 = [ 120 120 250 250 250 250 250 189 189 189 189 189 168 168 168 250 250 250 205 205 ]
cp = [ 33.8995 33.8995 12.5262 12.5262 12.5262 9.38181 9.38181 29.482 29.482 29.482 29.482 29.482 32.7233 32.7233 32.7233 9.79216 10.1492 10.1492 20.4033 20.4033 ]
D = [ 398 490 541 611 657 771 811 889 951 1053 1117 1183 1233 1162 1057 933 852 793 878 1072 1167 966 759 605 385 484 544 599 678 737 830 888 979 1078 1129 1189 1280 1214 1078 1021 885 784 887 995 1110 916 753 576 ]
K = 8
nk = [ 1 1 2 2 2 3 3 4 4 4 4 4 5 5 5 6 7 7 8 8 ]
First = [ 1 0 1 0 0 1 0 1 0 0 0 0 1 0 0 1 1 0 1 0 ]
Last = [ 0 1 0 0 1 0 1 0 0 0 0 1 0 0 1 1 0 1 0 1 ]
nS = 20
S = [ 1 1 1 1 1 1 1 1 1 1 1 1 1 1 1 1 1 1 1 1 ]
