n = 20 ; 
T = 48 ; 
Init = [ 0 1 0 1 1 1 0 0 0 1 0 0 1 0 1 1 0 0 0 1 ]
L = [ 10 7 9 10 2 4 4 5 7 6 9 8 4 9 8 6 9 2 6 8 ]
l = [ 10 7 9 10 2 4 4 5 7 6 9 8 4 9 8 6 9 2 6 8 ]
Pmin = [ 100 85 89 100 25 40 46 53 78 69 94 86 41 95 79 71 99 20 63 90 ]
Pmax = [ 100 85 89 100 25 40 46 53 78 69 94 86 41 95 79 71 99 20 63 90 ]
cf = [ 55.0822 61.6429 54.9974 60.8587 8.17449 24.9722 56.0597 27.493 50.8896 12.0003 22.6912 8.11202 32.9427 36.0082 21.3789 48.3196 58.1984 16.8395 62.5595 45.3008 ]
c0 = [ 250 221 229 250 76 114 141 143 214 179 246 218 127 250 203 188 250 71 182 229 ]
cp = [ 10.2086 15.6166 16.5362 8.04055 38.947 37.6106 37.5678 30.1667 16.3063 15.4801 18.341 18.1573 34.9177 10.0671 20.909 31.4998 15.2822 38.4791 15.2454 14.9281 ]
D = [ 348 399 463 531 602 680 724 802 873 980 1009 1096 1174 1074 965 904 815 693 792 900 1017 878 675 548 358 431 489 583 650 707 747 823 912 960 1039 1109 1174 1063 988 894 822 721 820 967 1055 862 669 479 ]
K = 21
nk = [ -1875212568 32699 -1875212568 32699 0 0 0 0 0 0 0 0 0 0 0 0 0 0 0 0 ]
First = [ 1 1 1 1 1 1 1 1 1 1 1 1 1 1 1 1 1 1 1 1 ]
Last = [ 1 1 1 1 1 1 1 1 1 1 1 1 1 1 1 1 1 1 1 1 ]
nS = 20
S = [ 1 1 1 1 1 1 1 1 1 1 1 1 1 1 1 1 1 1 1 1 ]
