n = 20 ; 
T = 48 ; 
Init = [ 1 1 1 1 1 1 1 1 1 0 0 0 0 0 0 0 0 0 1 1 ]
L = [ 2 2 2 8 8 8 8 8 10 4 4 4 4 7 7 7 7 7 9 8 ]
l = [ 2 2 2 8 8 8 8 8 10 4 4 4 4 7 7 7 7 7 9 8 ]
Pmin = [ 15 15 15 77 77 77 77 77 100 42 42 42 42 74 74 74 74 74 91 86 ]
Pmax = [ 15 15 15 77 77 77 77 77 100 42 42 42 42 74 74 74 74 74 91 86 ]
cf = [ 65.3121 65.3121 65.3121 11.7363 11.7363 11.7363 11.7363 11.7363 29.9622 8.33587 8.33587 8.33587 8.33587 17.0975 17.0975 17.0975 17.0975 17.0975 48.6137 12.1075 ]
c0 = [ 56 56 56 205 205 205 205 205 250 119 119 119 119 197 197 197 197 197 241 226 ]
cp = [ 40.1016 40.1016 40.1016 13.8194 13.8194 13.8194 13.8194 13.8194 10.1532 33.3603 33.3603 33.3603 33.3603 26.3922 26.3922 26.3922 26.3922 26.3922 17.929 18.5116 ]
D = [ 347 392 424 513 556 601 678 729 788 848 906 940 1021 909 854 778 685 602 761 877 980 826 653 485 298 377 431 482 586 622 710 753 860 893 988 1048 1133 989 908 792 722 594 729 869 941 788 627 490 ]
K = 7
nk = [ 1 1 1 2 2 2 2 2 3 4 4 4 4 5 5 5 5 5 6 7 ]
First = [ 1 0 0 1 0 0 0 0 1 1 0 0 0 1 0 0 0 0 1 1 ]
Last = [ 0 0 1 0 0 0 0 1 1 0 0 0 1 0 0 0 0 1 1 1 ]
nS = 20
S = [ 1 1 1 1 1 1 1 1 1 1 1 1 1 1 1 1 1 1 1 1 ]
