n = 10 ; 
T = 24 ; 
Init = [ 0 0 1 0 1 1 0 0 0 1 ]
L = [ 9 9 10 6 4 4 9 9 9 9 ]
l = [ 9 9 10 6 4 4 9 9 9 9 ]
Pmin = [ 100 100 100 66 36 36 99 99 99 100 ]
Pmax = [ 420 420 420 236 133 133 405 405 405 416 ]
cf = [ 56.3266 56.3266 30.9228 9.73307 36.0143 36.0143 61.9544 61.9544 61.9544 7.89263 ]
c0 = [ 251 254 251 183 107 108 251 254 258 251 ]
cp = [ 10.141 10.141 11.0526 32.3316 36.0916 36.0916 21.3864 21.3864 21.3864 11.0796 ]
D = [ 853 1135 1190 1444 1519 1731 1896 2081 2311 2461 2571 2802 2867 2686 2460 2237 1965 1820 1985 2203 2413 2034 1600 1344 ]
K = 6
nk = [ 1 1 2 3 4 4 5 5 5 6 ]
First = [ 1 0 1 1 1 0 1 0 0 1 ]
Last = [ 0 1 1 1 0 1 0 0 1 1 ]
nS = 5
S = [ 1 0 1 1 1 0 0 0 0 1 ]
