n = 10 ; 
T = 24 ; 
Init = [ 1 1 1 1 1 1 1 1 1 1 ]
L = [ 4 4 4 9 9 9 4 4 10 10 ]
l = [ 4 4 4 9 9 9 4 4 10 10 ]
Pmin = [ 33 33 33 100 100 100 48 41 100 100 ]
Pmax = [ 116 116 116 408 408 408 175 144 420 420 ]
cf = [ 9.89459 9.89459 9.89459 34.5889 34.5889 34.5889 69.5164 60.2978 14.5857 14.5857 ]
c0 = [ 90 91 93 251 254 258 135 115 251 254 ]
cp = [ 34.6511 34.6511 34.6511 9.46216 9.46216 9.46216 21.287 29.9325 8.20405 8.20405 ]
D = [ 753 942 1005 1186 1234 1435 1566 1644 1741 1854 1993 2130 2224 2054 1938 1711 1539 1357 1556 1733 1946 1660 1352 962 ]
K = 5
nk = [ 1 1 1 2 2 2 3 4 5 5 ]
First = [ 1 0 0 1 0 0 1 1 1 0 ]
Last = [ 0 0 1 0 0 1 1 1 0 1 ]
nS = 3
S = [ 1 0 0 0 0 0 1 0 1 0 ]
