n = 20 ; 
T = 24 ; 
Init = [ 1 1 1 1 1 1 0 0 0 0 0 0 1 1 1 1 1 1 1 1 ]
L = [ 9 9 8 8 8 8 4 4 4 4 9 9 6 6 6 6 6 8 8 9 ]
l = [ 9 9 8 8 8 8 4 4 4 4 9 9 6 6 6 6 6 8 8 9 ]
Pmin = [ 97 97 86 86 86 86 38 38 38 38 99 99 55 55 65 65 65 90 90 100 ]
Pmax = [ 390 390 336 336 336 336 133 133 133 133 408 408 217 217 241 241 241 345 345 412 ]
cf = [ 34.1087 34.1087 55.7079 55.7079 55.7079 55.7079 63.0852 63.0852 63.0852 63.0852 28.6908 28.6908 30.4224 30.4224 49.5088 49.5088 49.5088 28.6494 28.6494 32.3292 ]
c0 = [ 251 254 237 239 243 247 123 124 126 128 251 254 158 159 187 189 191 234 236 251 ]
cp = [ 12.9056 12.9056 18.2001 18.2001 18.2001 18.2001 32.2238 32.2238 32.2238 32.2238 9.14662 9.14662 34.0995 34.0995 25.364 25.364 25.364 21.6528 21.6528 12.9187 ]
D = [ 1541 1717 2115 2386 2590 2954 3157 3669 3831 4137 4426 4657 5117 4694 4156 3821 3345 3036 3462 3904 4500 3910 3111 2263 ]
K = 8
nk = [ 1 1 2 2 2 2 3 3 3 3 4 4 5 5 6 6 6 7 7 8 ]
First = [ 1 0 1 0 0 0 1 0 0 0 1 0 1 0 1 0 0 1 0 1 ]
Last = [ 0 1 0 0 0 1 0 0 0 1 0 1 0 1 0 0 1 0 1 1 ]
nS = 1
S = [ 0 0 0 0 0 0 0 0 0 0 0 0 0 0 0 0 0 0 0 0 ]
