n = 20 ; 
T = 24 ; 
Init = [ 1 1 1 1 1 1 1 0 0 1 1 0 0 0 0 0 0 1 1 1 ]
L = [ 6 6 6 6 3 3 3 9 9 5 5 5 5 5 5 5 5 4 4 4 ]
l = [ 6 6 6 6 3 3 3 9 9 5 5 5 5 5 5 5 5 4 4 4 ]
Pmin = [ 65 65 65 65 29 29 29 96 96 52 52 53 53 53 53 53 53 34 34 34 ]
Pmax = [ 252 252 252 252 85 85 85 384 384 204 204 181 181 181 181 181 181 133 133 133 ]
cf = [ 37.1725 37.1725 37.1725 37.1725 10.2601 10.2601 10.2601 25.9541 25.9541 64.6344 64.6344 52.921 52.921 52.921 52.921 52.921 52.921 63.8861 63.8861 63.8861 ]
c0 = [ 179 181 184 187 99 100 101 248 251 155 156 158 159 162 165 169 173 115 116 118 ]
cp = [ 14.1936 14.1936 14.1936 14.1936 37.5105 37.5105 37.5105 10.4034 10.4034 27.3305 27.3305 33.8069 33.8069 33.8069 33.8069 33.8069 33.8069 31.4983 31.4983 31.4983 ]
D = [ 904 1100 1279 1535 1677 1835 2082 2314 2511 2697 2900 3125 3314 3105 2826 2450 2208 1970 2327 2587 2947 2428 1904 1496 ]
K = 6
nk = [ 1 1 1 1 2 2 2 3 3 4 4 5 5 5 5 5 5 6 6 6 ]
First = [ 1 0 0 0 1 0 0 1 0 1 0 1 0 0 0 0 0 1 0 0 ]
Last = [ 0 0 0 1 0 0 1 0 1 0 1 0 0 0 0 0 1 0 0 1 ]
nS = 1
S = [ 6.94616e-310 6.94616e-310 0 0 0 0 0 0 0 0 0 0 0 0 0 0 0 0 0 0 ]
