n = 20 ; 
T = 24 ; 
Init = [ 0 0 0 0 0 0 0 0 0 0 0 1 0 0 0 0 0 1 1 1 ]
L = [ 4 4 4 8 5 5 5 9 9 9 8 9 8 8 8 8 8 9 9 9 ]
l = [ 4 4 4 8 5 5 5 9 9 9 8 9 8 8 8 8 8 9 9 9 ]
Pmin = [ 37 37 37 91 44 44 44 97 97 97 87 96 83 83 83 83 81 100 100 100 ]
Pmax = [ 130 130 130 346 163 163 163 382 382 382 345 394 306 306 306 306 335 407 407 407 ]
cf = [ 7.14624 7.14624 7.14624 42.8443 54.6518 54.6518 54.6518 8.24414 8.24414 8.24414 31.3756 58.6104 30.9274 30.9274 30.9274 30.9274 24.7881 14.8916 14.8916 14.8916 ]
c0 = [ 119 120 122 248 134 135 137 251 254 258 231 251 215 217 221 225 206 251 254 258 ]
cp = [ 36.2862 36.2862 36.2862 11.8172 37.0981 37.0981 37.0981 12.3656 12.3656 12.3656 17.0258 15.7884 21.9639 21.9639 21.9639 21.9639 15.6127 9.47041 9.47041 9.47041 ]
D = [ 1450 1754 2036 2324 2634 3008 3162 3370 3788 4004 4299 4583 4930 4513 4071 3583 3236 2840 3415 3850 4408 3704 2898 2133 ]
K = 9
nk = [ 1 1 1 2 3 3 3 4 4 4 5 6 7 7 7 7 8 9 9 9 ]
First = [ 1 0 0 1 1 0 0 1 0 0 1 1 1 0 0 0 1 1 0 0 ]
Last = [ 0 0 1 1 0 0 1 0 0 1 1 1 0 0 0 1 1 0 0 1 ]
nS = 1
S = [ 6.94616e-310 6.94616e-310 0 0 0 0 0 0 0 0 0 0 0 0 0 0 0 0 0 0 ]
