n = 20 ; 
T = 24 ; 
Init = [ 0 0 0 0 0 0 0 0 1 1 1 1 1 1 0 0 0 1 1 1 ]
L = [ 10 10 7 7 7 7 7 7 3 3 3 9 9 9 5 5 5 7 7 7 ]
l = [ 10 10 7 7 7 7 7 7 3 3 3 9 9 9 5 5 5 7 7 7 ]
Pmin = [ 100 100 69 69 69 72 72 72 26 26 26 94 94 94 49 49 49 71 71 71 ]
Pmax = [ 418 418 285 285 285 267 267 267 80 80 80 391 391 391 170 170 170 276 276 276 ]
cf = [ 58.9157 58.9157 64.5122 64.5122 64.5122 35.9813 35.9813 35.9813 50.0018 50.0018 50.0018 51.4296 51.4296 51.4296 27.1865 27.1865 27.1865 58.3324 58.3324 58.3324 ]
c0 = [ 251 254 183 185 187 189 191 194 94 94 96 247 250 253 141 142 144 200 202 205 ]
cp = [ 8.27883 8.27883 24.351 24.351 24.351 17.8548 17.8548 17.8548 36.661 36.661 36.661 11.032 11.032 11.032 34.6262 34.6262 34.6262 19.8995 19.8995 19.8995 ]
D = [ 1476 1873 2129 2171 2408 2656 3051 3306 3459 3691 3951 4233 4358 4060 3692 3439 2953 2636 3202 3576 4089 3550 2763 2125 ]
K = 7
nk = [ 1 1 2 2 2 3 3 3 4 4 4 5 5 5 6 6 6 7 7 7 ]
First = [ 1 0 1 0 0 1 0 0 1 0 0 1 0 0 1 0 0 1 0 0 ]
Last = [ 0 1 0 0 1 0 0 1 0 0 1 0 0 1 0 0 1 0 0 1 ]
nS = 1
S = [ 6.94616e-310 6.94616e-310 0 0 0 0 0 0 0 0 0 0 0 0 0 0 0 0 0 0 ]
