n = 20 ; 
T = 24 ; 
Init = [ 0 1 1 1 0 1 0 0 1 1 1 1 1 1 1 1 1 1 0 1 ]
L = [ 2 4 4 2 8 9 7 7 4 4 4 4 4 4 4 4 4 4 4 8 ]
l = [ 2 4 4 2 8 9 7 7 4 4 4 4 4 4 4 4 4 4 4 8 ]
Pmin = [ 22 41 41 15 82 100 71 71 41 41 41 41 41 46 46 46 46 46 34 78 ]
Pmax = [ 61 141 141 44 327 420 283 283 144 144 144 144 144 150 150 150 150 150 101 299 ]
cf = [ 20.1031 43.1346 43.1346 24.5611 69.2509 29.7664 25.5114 25.5114 45.2616 45.2616 45.2616 45.2616 45.2616 50.3664 50.3664 50.3664 50.3664 50.3664 30.3292 13.7683 ]
c0 = [ 67 120 122 56 229 251 181 183 129 131 132 135 138 143 144 147 149 153 99 200 ]
cp = [ 40.1579 31.9524 31.9524 41.3183 20.6826 9.53512 29.1427 29.1427 25.7139 25.7139 25.7139 25.7139 25.7139 33.708 33.708 33.708 33.708 33.708 21.622 19.5481 ]
D = [ 901 1070 1230 1351 1623 1658 1885 2066 2202 2387 2622 2748 2836 2696 2532 2195 2052 1804 2194 2442 2895 2316 1864 1322 ]
K = 10
nk = [ 1 2 2 3 4 5 6 6 7 7 7 7 7 8 8 8 8 8 9 10 ]
First = [ 1 1 0 1 1 1 1 0 1 0 0 0 0 1 0 0 0 0 1 1 ]
Last = [ 1 0 1 1 1 1 0 1 0 0 0 0 1 0 0 0 0 1 1 1 ]
nS = 1
S = [ 6.94616e-310 6.94616e-310 0 0 0 0 0 0 0 0 0 0 0 0 0 0 0 0 0 0 ]
