n = 20 ; 
T = 24 ; 
Init = [ 0 0 0 1 1 1 0 0 0 0 0 0 0 0 1 1 1 1 1 1 ]
L = [ 9 9 9 9 9 9 5 5 5 5 8 8 8 8 5 5 5 5 6 6 ]
l = [ 9 9 9 9 9 9 5 5 5 5 8 8 8 8 5 5 5 5 6 6 ]
Pmin = [ 96 96 96 97 97 97 54 54 54 54 87 87 87 87 54 54 54 54 72 72 ]
Pmax = [ 392 392 392 373 373 373 213 213 213 213 336 336 336 336 212 212 212 212 262 262 ]
cf = [ 24.4403 24.4403 24.4403 34.28 34.28 34.28 22.1891 22.1891 22.1891 22.1891 48.3496 48.3496 48.3496 48.3496 54.1748 54.1748 54.1748 54.1748 68.9458 68.9458 ]
c0 = [ 251 254 258 251 254 258 150 151 154 157 239 241 244 249 154 155 158 161 187 189 ]
cp = [ 17.8609 17.8609 17.8609 9.20403 9.20403 9.20403 31.9102 31.9102 31.9102 31.9102 21.7686 21.7686 21.7686 21.7686 29.6161 29.6161 29.6161 29.6161 25.644 25.644 ]
D = [ 1709 1946 2255 2603 2809 3249 3555 3797 3958 4361 4625 5075 5362 4858 4340 3796 3189 2726 3476 4019 4539 3827 2974 2099 ]
K = 6
nk = [ 1 1 1 2 2 2 3 3 3 3 4 4 4 4 5 5 5 5 6 6 ]
First = [ 1 0 0 1 0 0 1 0 0 0 1 0 0 0 1 0 0 0 1 0 ]
Last = [ 0 0 1 0 0 1 0 0 0 1 0 0 0 1 0 0 0 1 0 1 ]
nS = 1
S = [ 0 0 0 0 0 0 0 0 0 0 0 0 0 0 0 0 0 0 0 0 ]
