n = 20 ; 
T = 24 ; 
Init = [ 1 0 0 0 0 0 0 1 1 1 1 1 1 1 1 1 1 1 1 1 ]
L = [ 9 5 5 5 5 5 5 5 5 5 4 4 4 4 5 5 5 5 5 7 ]
l = [ 9 5 5 5 5 5 5 5 5 5 4 4 4 4 5 5 5 5 5 7 ]
Pmin = [ 100 45 45 45 45 45 45 56 56 56 44 44 44 44 54 54 54 54 54 80 ]
Pmax = [ 420 173 173 173 173 173 173 202 202 202 151 151 151 151 190 190 190 190 190 317 ]
cf = [ 29.7785 64.7396 64.7396 64.7396 64.7396 64.7396 64.7396 31.0839 31.0839 31.0839 43.5398 43.5398 43.5398 43.5398 60.9758 60.9758 60.9758 60.9758 60.9758 58.0562 ]
c0 = [ 251 128 130 131 134 137 141 151 152 154 129 131 132 135 154 156 158 161 165 206 ]
cp = [ 9.20906 27.4784 27.4784 27.4784 27.4784 27.4784 27.4784 30.4557 30.4557 30.4557 34.9039 34.9039 34.9039 34.9039 25.922 25.922 25.922 25.922 25.922 11.9022 ]
D = [ 847 1011 1311 1560 1657 1927 2118 2302 2645 2867 3095 3273 3392 3173 2857 2566 2104 1793 2215 2668 2968 2459 1941 1421 ]
K = 6
nk = [ 1 2 2 2 2 2 2 3 3 3 4 4 4 4 5 5 5 5 5 6 ]
First = [ 1 1 0 0 0 0 0 1 0 0 1 0 0 0 1 0 0 0 0 1 ]
Last = [ 1 0 0 0 0 0 1 0 0 1 0 0 0 1 0 0 0 0 1 1 ]
nS = 1
S = [ 6.94616e-310 6.94616e-310 0 0 0 0 0 0 0 0 0 0 0 0 0 0 0 0 0 0 ]
