n = 20 ; 
T = 24 ; 
Init = [ 1 1 1 1 0 0 0 0 0 1 1 1 1 1 1 1 1 1 1 0 ]
L = [ 5 5 5 5 3 3 3 3 3 6 6 6 6 6 6 9 9 9 9 5 ]
l = [ 5 5 5 5 3 3 3 3 3 6 6 6 6 6 6 9 9 9 9 5 ]
Pmin = [ 46 46 46 46 36 36 36 36 36 66 66 66 66 66 66 99 99 99 99 52 ]
Pmax = [ 177 177 177 177 112 112 112 112 112 241 241 241 241 241 241 384 384 384 384 183 ]
cf = [ 16.7692 16.7692 16.7692 16.7692 58.2292 58.2292 58.2292 58.2292 58.2292 64.8449 64.8449 64.8449 64.8449 64.8449 64.8449 20.7123 20.7123 20.7123 20.7123 44.9914 ]
c0 = [ 125 126 128 131 113 114 116 118 121 186 188 191 195 199 205 251 254 258 263 141 ]
cp = [ 18.1263 18.1263 18.1263 18.1263 36.6111 36.6111 36.6111 36.6111 36.6111 29.3981 29.3981 29.3981 29.3981 29.3981 29.3981 20.1806 20.1806 20.1806 20.1806 36.9633 ]
D = [ 886 1104 1360 1656 1906 2153 2362 2551 2817 2901 3158 3518 3717 3379 3191 2789 2665 2394 2589 2932 3246 2748 2116 1715 ]
K = 5
nk = [ 1 1 1 1 2 2 2 2 2 3 3 3 3 3 3 4 4 4 4 5 ]
First = [ 1 0 0 0 1 0 0 0 0 1 0 0 0 0 0 1 0 0 0 1 ]
Last = [ 0 0 0 1 0 0 0 0 1 0 0 0 0 0 1 0 0 0 1 1 ]
nS = 1
S = [ 6.94616e-310 6.94616e-310 0 0 0 0 0 0 0 0 0 0 0 0 0 0 0 0 0 0 ]
