n = 20 ; 
T = 24 ; 
Init = [ 0 1 1 1 1 1 0 0 0 0 1 1 1 1 1 1 0 0 0 0 ]
L = [ 8 8 8 6 6 7 3 3 3 3 8 8 8 8 8 8 5 5 5 5 ]
l = [ 8 8 8 6 6 7 3 3 3 3 8 8 8 8 8 8 5 5 5 5 ]
Pmin = [ 85 89 89 65 65 71 26 26 26 26 87 87 87 87 87 87 51 51 51 51 ]
Pmax = [ 338 346 346 253 253 274 95 95 95 95 332 332 332 332 332 332 183 183 183 183 ]
cf = [ 49.277 69.4994 69.4994 65.9486 65.9486 31.4686 57.4549 57.4549 57.4549 57.4549 52.8892 52.8892 52.8892 52.8892 52.8892 52.8892 11.8703 11.8703 11.8703 11.8703 ]
c0 = [ 235 231 233 190 192 182 90 91 92 94 228 231 234 239 244 251 156 157 160 163 ]
cp = [ 11.6287 18.4947 18.4947 34.9578 34.9578 26.0678 29.059 29.059 29.059 29.059 20.828 20.828 20.828 20.828 20.828 20.828 30.2724 30.2724 30.2724 30.2724 ]
D = [ 995 1313 1457 1713 2052 2319 2608 2813 3069 3250 3537 3778 4028 3738 3506 3051 2751 2445 2843 3191 3730 2969 2347 1702 ]
K = 7
nk = [ 1 2 2 3 3 4 5 5 5 5 6 6 6 6 6 6 7 7 7 7 ]
First = [ 1 1 0 1 0 1 1 0 0 0 1 0 0 0 0 0 1 0 0 0 ]
Last = [ 1 0 1 0 1 1 0 0 0 1 0 0 0 0 0 1 0 0 0 1 ]
nS = 1
S = [ 6.94616e-310 6.94616e-310 0 0 0 0 0 0 0 0 0 0 0 0 0 0 0 0 0 0 ]
