n = 20 ; 
T = 24 ; 
Init = [ 1 1 1 1 0 0 0 1 1 1 1 1 1 1 1 0 0 0 0 1 ]
L = [ 7 7 7 7 3 3 3 4 4 4 4 5 5 5 5 8 8 8 8 3 ]
l = [ 7 7 7 7 3 3 3 4 4 4 4 5 5 5 5 8 8 8 8 3 ]
Pmin = [ 78 78 78 78 34 34 34 43 43 43 43 51 51 51 51 85 85 85 85 18 ]
Pmax = [ 302 302 302 302 112 112 112 142 142 142 142 200 200 200 200 322 322 322 322 55 ]
cf = [ 29.2306 29.2306 29.2306 29.2306 21.6808 21.6808 21.6808 41.7863 41.7863 41.7863 41.7863 20.1606 20.1606 20.1606 20.1606 21.7635 21.7635 21.7635 21.7635 35.8105 ]
c0 = [ 202 204 207 211 106 108 109 136 137 139 142 139 141 143 145 220 222 226 230 66 ]
cp = [ 28.7412 28.7412 28.7412 28.7412 38.5219 38.5219 38.5219 34.99 34.99 34.99 34.99 25.2925 25.2925 25.2925 25.2925 16.9535 16.9535 16.9535 16.9535 41.0119 ]
D = [ 1324 1472 1646 1810 1967 2230 2443 2580 2727 3052 3193 3378 3580 3205 2984 2814 2483 2154 2665 2932 3399 2757 2185 1694 ]
K = 6
nk = [ 1 1 1 1 2 2 2 3 3 3 3 4 4 4 4 5 5 5 5 6 ]
First = [ 1 0 0 0 1 0 0 1 0 0 0 1 0 0 0 1 0 0 0 1 ]
Last = [ 0 0 0 1 0 0 1 0 0 0 1 0 0 0 1 0 0 0 1 1 ]
nS = 1
S = [ 6.94616e-310 6.94616e-310 0 0 0 0 0 0 0 0 0 0 0 0 0 0 0 0 0 0 ]
