n = 20 ; 
T = 24 ; 
Init = [ 1 1 1 1 1 1 0 0 0 0 1 1 0 0 0 0 0 0 0 0 ]
L = [ 4 4 4 4 4 4 6 6 6 6 8 8 6 6 9 9 9 9 9 9 ]
l = [ 4 4 4 4 4 4 6 6 6 6 8 8 6 6 9 9 9 9 9 9 ]
Pmin = [ 31 31 31 31 31 31 72 72 72 72 83 83 64 64 99 99 99 99 99 99 ]
Pmax = [ 112 112 112 112 112 112 274 274 274 274 333 333 235 235 396 396 396 396 396 396 ]
cf = [ 64.5858 64.5858 64.5858 64.5858 64.5858 64.5858 21.5323 21.5323 21.5323 21.5323 37.3203 37.3203 11.6046 11.6046 26.2272 26.2272 26.2272 26.2272 26.2272 26.2272 ]
c0 = [ 87 88 90 91 93 96 186 188 191 195 224 226 173 175 251 254 258 263 269 276 ]
cp = [ 36.4155 36.4155 36.4155 36.4155 36.4155 36.4155 17.7758 17.7758 17.7758 17.7758 13.2078 13.2078 22.7446 22.7446 11.2581 11.2581 11.2581 11.2581 11.2581 11.2581 ]
D = [ 1241 1461 1761 1989 2215 2596 2810 3103 3537 3664 4006 4280 4633 4148 3691 3378 3002 2432 3097 3699 4117 3610 2755 2285 ]
K = 5
nk = [ 1 1 1 1 1 1 2 2 2 2 3 3 4 4 5 5 5 5 5 5 ]
First = [ 1 0 0 0 0 0 1 0 0 0 1 0 1 0 1 0 0 0 0 0 ]
Last = [ 0 0 0 0 0 1 0 0 0 1 0 1 0 1 0 0 0 0 0 1 ]
nS = 1
S = [ 6.94616e-310 6.94616e-310 0 0 0 0 0 0 0 0 0 0 0 0 0 0 0 0 0 0 ]
