n = 20 ; 
T = 24 ; 
Init = [ 0 0 0 0 0 1 1 1 1 1 1 1 1 0 0 0 0 1 1 1 ]
L = [ 6 6 6 6 6 9 6 6 5 5 5 5 5 8 8 8 8 4 4 4 ]
l = [ 6 6 6 6 6 9 6 6 5 5 5 5 5 8 8 8 8 4 4 4 ]
Pmin = [ 66 66 66 66 66 98 69 69 49 49 49 49 49 84 84 84 84 29 29 29 ]
Pmax = [ 239 239 239 239 239 386 278 278 186 186 186 186 186 338 338 338 338 103 103 103 ]
cf = [ 69.5251 69.5251 69.5251 69.5251 69.5251 33.9792 23.3488 23.3488 31.6813 31.6813 31.6813 31.6813 31.6813 52.498 52.498 52.498 52.498 21.4883 21.4883 21.4883 ]
c0 = [ 185 187 190 194 198 251 183 185 151 152 154 157 161 213 215 219 223 99 100 101 ]
cp = [ 28.2673 28.2673 28.2673 28.2673 28.2673 17.7528 20.4961 20.4961 24.4524 24.4524 24.4524 24.4524 24.4524 12.0978 12.0978 12.0978 12.0978 38.2605 38.2605 38.2605 ]
D = [ 1064 1231 1376 1788 1945 2146 2501 2740 2910 3100 3402 3667 3846 3600 3239 2946 2635 2208 2738 3202 3579 3025 2504 1838 ]
K = 6
nk = [ 1 1 1 1 1 2 3 3 4 4 4 4 4 5 5 5 5 6 6 6 ]
First = [ 1 0 0 0 0 1 1 0 1 0 0 0 0 1 0 0 0 1 0 0 ]
Last = [ 0 0 0 0 1 1 0 1 0 0 0 0 1 0 0 0 1 0 0 1 ]
nS = 1
S = [ 6.94616e-310 6.94616e-310 0 0 0 0 0 0 0 0 0 0 0 0 0 0 0 0 0 0 ]
