n = 20 ; 
T = 24 ; 
Init = [ 0 0 0 0 0 1 1 1 1 1 1 0 0 0 0 1 1 0 0 1 ]
L = [ 4 4 4 4 4 7 4 4 4 4 4 7 7 7 7 8 5 5 5 3 ]
l = [ 4 4 4 4 4 7 4 4 4 4 4 7 7 7 7 8 5 5 5 3 ]
Pmin = [ 40 40 40 40 40 86 44 44 44 44 44 77 77 77 77 86 53 46 46 17 ]
Pmax = [ 144 144 144 144 144 323 160 160 160 160 160 289 289 289 289 322 183 183 183 53 ]
cf = [ 22.4321 22.4321 22.4321 22.4321 22.4321 60.8711 11.9167 11.9167 11.9167 11.9167 11.9167 21.3954 21.3954 21.3954 21.3954 8.17713 42.6957 56.7159 56.7159 33.4716 ]
c0 = [ 123 124 126 128 131 238 132 133 135 138 141 209 211 214 218 227 151 124 125 66 ]
cp = [ 24.0545 24.0545 24.0545 24.0545 24.0545 21.8857 32.9719 32.9719 32.9719 32.9719 32.9719 22.8192 22.8192 22.8192 22.8192 19.0868 32.8324 29.3446 29.3446 38.9459 ]
D = [ 929 1116 1348 1584 1716 2060 2273 2343 2565 2801 2995 3304 3575 3208 2967 2636 2418 2085 2462 2666 3010 2603 2103 1596 ]
K = 8
nk = [ 1 1 1 1 1 2 3 3 3 3 3 4 4 4 4 5 6 7 7 8 ]
First = [ 1 0 0 0 0 1 1 0 0 0 0 1 0 0 0 1 1 1 0 1 ]
Last = [ 0 0 0 0 1 1 0 0 0 0 1 0 0 0 1 1 1 0 1 1 ]
nS = 1
S = [ 6.94616e-310 6.94616e-310 0 0 0 0 0 0 0 0 0 0 0 0 0 0 0 0 0 0 ]
