n = 20 ; 
T = 48 ; 
Init = [ 1 1 1 1 0 0 0 0 0 0 1 1 1 0 0 0 0 0 0 0 ]
L = [ 10 10 7 7 4 4 4 4 3 3 8 8 8 3 3 5 3 6 6 6 ]
l = [ 10 10 7 7 4 4 4 4 3 3 8 8 8 3 3 5 3 6 6 6 ]
Pmin = [ 100 100 70 70 38 38 38 38 28 28 78 78 78 31 31 51 36 60 60 60 ]
Pmax = [ 420 420 265 265 150 150 150 150 71 71 305 305 305 104 104 181 127 232 232 232 ]
cf = [ 9.63159 9.63159 8.97191 8.97191 52.1481 52.1481 52.1481 52.1481 15.7152 15.7152 56.7459 56.7459 56.7459 28.0158 28.0158 32.3356 22.3921 36.6831 36.6831 36.6831 ]
c0 = [ 251 254 200 202 108 109 110 112 99 100 209 211 214 102 103 141 119 159 161 163 ]
cp = [ 10.531 10.531 21.9287 21.9287 32.8764 32.8764 32.8764 32.8764 35.4578 35.4578 25.8921 25.8921 25.8921 39.1224 39.1224 33.7232 35.7322 21.6746 21.6746 21.6746 ]
D = [ 938 1106 1384 1636 1891 2156 2350 2603 2815 3080 3274 3578 3855 3460 3071 2813 2441 2092 2391 2717 2992 2477 2065 1416 907 1088 1375 1622 1845 2148 2413 2496 2758 3040 3270 3561 3801 3380 3164 2785 2471 2154 2606 2976 3359 2860 2227 1658 ]
K = 9
nk = [ 1 1 2 2 3 3 3 3 4 4 5 5 5 6 6 7 8 9 9 9 ]
First = [ 1 0 1 0 1 0 0 0 1 0 1 0 0 1 0 1 1 1 0 0 ]
Last = [ 0 1 0 1 0 0 0 1 0 1 0 0 1 0 1 1 1 0 0 1 ]
nS = 1
S = [ 6.94616e-310 6.94616e-310 0 0 0 0 0 0 0 0 0 0 0 0 0 0 0 0 0 0 ]
