n = 20 ; 
T = 48 ; 
Init = [ 1 1 1 1 1 1 0 0 0 1 1 1 1 1 0 0 0 0 0 0 ]
L = [ 9 9 9 9 6 6 6 6 6 4 4 9 9 5 5 5 5 5 3 3 ]
l = [ 9 9 9 9 6 6 6 6 6 4 4 9 9 5 5 5 5 5 3 3 ]
Pmin = [ 98 98 98 98 58 58 68 68 68 43 43 100 100 48 51 51 51 51 31 31 ]
Pmax = [ 384 384 384 384 231 231 253 253 253 154 154 420 420 166 196 196 196 196 90 90 ]
cf = [ 10.4479 10.4479 10.4479 10.4479 20.8178 20.8178 25.5773 25.5773 25.5773 14.2312 14.2312 40.7311 40.7311 41.3731 16.1208 16.1208 16.1208 16.1208 14.0709 14.0709 ]
c0 = [ 251 254 258 263 161 162 195 197 200 116 117 251 254 134 138 140 142 145 87 88 ]
cp = [ 9.9102 9.9102 9.9102 9.9102 32.8813 32.8813 24.6059 24.6059 24.6059 33.3978 33.3978 14.3129 14.3129 25.9062 26.3966 26.3966 26.3966 26.3966 34.2795 34.2795 ]
D = [ 1301 1574 1877 2084 2406 2566 2831 3186 3361 3590 3828 4006 4355 4000 3538 3207 3044 2648 3066 3286 3688 3107 2475 1728 1132 1426 1679 1795 2147 2361 2755 3022 3256 3558 3755 3972 4268 3974 3670 3328 2913 2621 3056 3388 3951 3110 2549 1852 ]
K = 8
nk = [ 1 1 1 1 2 2 3 3 3 4 4 5 5 6 7 7 7 7 8 8 ]
First = [ 1 0 0 0 1 0 1 0 0 1 0 1 0 1 1 0 0 0 1 0 ]
Last = [ 0 0 0 1 0 1 0 0 1 0 1 0 1 1 0 0 0 1 0 1 ]
nS = 1
S = [ 6.94616e-310 6.94616e-310 0 0 0 0 0 0 0 0 0 0 0 0 0 0 0 0 0 0 ]
