n = 20 ; 
T = 48 ; 
Init = [ 0 0 0 1 1 1 1 1 1 1 1 1 0 0 0 1 1 1 1 1 ]
L = [ 7 7 7 8 8 8 8 8 6 6 6 6 5 5 5 7 7 7 7 7 ]
l = [ 7 7 7 8 8 8 8 8 6 6 6 6 5 5 5 7 7 7 7 7 ]
Pmin = [ 82 82 82 86 86 86 86 86 63 63 63 63 53 53 53 84 84 84 84 84 ]
Pmax = [ 309 309 309 337 337 337 337 337 243 243 243 243 212 212 212 325 325 325 325 325 ]
cf = [ 29.752 29.752 29.752 56.4629 56.4629 56.4629 56.4629 56.4629 23.5827 23.5827 23.5827 23.5827 45.5855 45.5855 45.5855 20.0828 20.0828 20.0828 20.0828 20.0828 ]
c0 = [ 229 231 235 226 228 232 236 242 171 173 175 179 158 160 162 234 237 240 245 251 ]
cp = [ 14.8115 14.8115 14.8115 17.5998 17.5998 17.5998 17.5998 17.5998 25.162 25.162 25.162 25.162 32.8284 32.8284 32.8284 15.6279 15.6279 15.6279 15.6279 15.6279 ]
D = [ 1712 1886 2247 2550 2750 3050 3261 3560 3972 4264 4469 4742 5050 4726 4149 3902 3488 3075 3568 4038 4630 3742 2854 2192 1233 1681 1922 2294 2582 2840 3360 3660 3842 4141 4566 4987 5205 4831 4254 3777 3476 3066 3567 4011 4527 3919 3143 2358 ]
K = 5
nk = [ 1 1 1 2 2 2 2 2 3 3 3 3 4 4 4 5 5 5 5 5 ]
First = [ 1 0 0 1 0 0 0 0 1 0 0 0 1 0 0 1 0 0 0 0 ]
Last = [ 0 0 1 0 0 0 0 1 0 0 0 1 0 0 1 0 0 0 0 1 ]
nS = 1
S = [ 6.94616e-310 6.94616e-310 0 0 0 0 0 0 0 0 0 0 0 0 0 0 0 0 0 0 ]
