n = 20 ; 
T = 48 ; 
Init = [ 0 0 0 0 1 1 1 1 1 1 1 1 1 0 0 0 0 0 1 1 ]
L = [ 9 9 9 9 4 4 4 2 10 10 10 10 10 6 6 6 6 6 8 8 ]
l = [ 9 9 9 9 4 4 4 2 10 10 10 10 10 6 6 6 6 6 8 8 ]
Pmin = [ 89 89 89 89 38 38 38 22 100 100 100 100 100 64 64 64 64 64 87 87 ]
Pmax = [ 360 360 360 360 142 142 142 67 420 420 420 420 420 255 255 255 255 255 351 351 ]
cf = [ 36.9059 36.9059 36.9059 36.9059 9.21498 9.21498 9.21498 18.4393 52.5328 52.5328 52.5328 52.5328 52.5328 40.9098 40.9098 40.9098 40.9098 40.9098 26.7426 26.7426 ]
c0 = [ 246 249 252 257 114 115 117 68 251 254 258 263 269 174 176 178 182 186 236 238 ]
cp = [ 12.2511 12.2511 12.2511 12.2511 32.5751 32.5751 32.5751 38.1766 9.19421 9.19421 9.19421 9.19421 9.19421 30.3251 30.3251 30.3251 30.3251 30.3251 9.83529 9.83529 ]
D = [ 1477 1896 2146 2444 2810 2977 3445 3705 3908 4265 4481 4870 5026 4667 4220 3728 3368 2813 3262 3744 4164 3641 3010 2473 1863 2149 2333 2674 2914 3342 3513 3864 4224 4359 4618 5040 5335 4924 4442 3829 3425 2906 3569 4006 4399 3624 3041 2343 ]
K = 6
nk = [ 1 1 1 1 2 2 2 3 4 4 4 4 4 5 5 5 5 5 6 6 ]
First = [ 1 0 0 0 1 0 0 1 1 0 0 0 0 1 0 0 0 0 1 0 ]
Last = [ 0 0 0 1 0 0 1 1 0 0 0 0 1 0 0 0 0 1 0 1 ]
nS = 1
S = [ 0 0 0 0 0 0 0 0 0 0 0 0 0 0 0 0 0 0 0 0 ]
