n = 20 ; 
T = 48 ; 
Init = [ 1 1 1 1 1 1 1 1 1 1 1 1 1 1 0 0 0 0 0 0 ]
L = [ 9 9 9 9 9 3 3 3 3 3 10 10 10 10 7 7 7 7 7 8 ]
l = [ 9 9 9 9 9 3 3 3 3 3 10 10 10 10 7 7 7 7 7 8 ]
Pmin = [ 98 98 98 98 98 34 34 34 34 34 100 100 100 100 78 78 78 78 78 92 ]
Pmax = [ 390 390 390 390 390 97 97 97 97 97 418 418 418 418 320 320 320 320 320 353 ]
cf = [ 46.094 46.094 46.094 46.094 46.094 31.5678 31.5678 31.5678 31.5678 31.5678 46.2037 46.2037 46.2037 46.2037 27.8116 27.8116 27.8116 27.8116 27.8116 58.9747 ]
c0 = [ 251 254 258 263 269 110 111 113 115 118 251 254 258 263 203 205 208 212 217 246 ]
cp = [ 11.6931 11.6931 11.6931 11.6931 11.6931 41.329 41.329 41.329 41.329 41.329 11.1475 11.1475 11.1475 11.1475 29.196 29.196 29.196 29.196 29.196 12.8239 ]
D = [ 1443 1702 2090 2321 2586 2853 3085 3537 3618 4022 4351 4625 4744 4383 4049 3731 3343 2787 3314 3862 4463 3654 2965 2319 1729 2058 2287 2496 2927 3102 3533 3704 4067 4422 4631 4870 5269 4706 4261 3930 3425 3054 3381 3850 4410 3705 2952 2296 ]
K = 5
nk = [ 1 1 1 1 1 2 2 2 2 2 3 3 3 3 4 4 4 4 4 5 ]
First = [ 1 0 0 0 0 1 0 0 0 0 1 0 0 0 1 0 0 0 0 1 ]
Last = [ 0 0 0 0 1 0 0 0 0 1 0 0 0 1 0 0 0 0 1 1 ]
nS = 1
S = [ 6.94616e-310 6.94616e-310 0 0 0 0 0 0 0 0 0 0 0 0 0 0 0 0 0 0 ]
