n = 20 ; 
T = 48 ; 
Init = [ 1 1 1 1 1 0 0 0 0 0 0 0 0 0 0 1 1 1 1 1 ]
L = [ 2 2 2 2 2 4 5 5 5 10 10 7 7 7 7 5 5 5 5 5 ]
l = [ 2 2 2 2 2 4 5 5 5 10 10 7 7 7 7 5 5 5 5 5 ]
Pmin = [ 23 23 23 23 23 44 58 58 58 100 100 69 69 69 69 48 48 48 48 48 ]
Pmax = [ 64 64 64 64 64 155 201 201 201 412 412 267 267 267 267 173 173 173 173 173 ]
cf = [ 27.1936 27.1936 27.1936 27.1936 27.1936 18.2858 50.4944 50.4944 50.4944 66.5424 66.5424 41.1372 41.1372 41.1372 41.1372 64.1165 64.1165 64.1165 64.1165 64.1165 ]
c0 = [ 68 69 70 71 73 132 166 168 171 251 254 185 187 189 193 130 131 133 136 139 ]
cp = [ 41.7831 41.7831 41.7831 41.7831 41.7831 36.2241 35.2264 35.2264 35.2264 16.3979 16.3979 27.6625 27.6625 27.6625 27.6625 22.351 22.351 22.351 22.351 22.351 ]
D = [ 835 1084 1218 1507 1600 1752 1971 2196 2426 2531 2847 2980 3198 2866 2741 2458 2225 1934 2232 2668 3035 2504 1860 1483 896 1032 1232 1557 1638 1937 2013 2209 2385 2650 2887 2977 3217 2954 2628 2481 2175 1955 2279 2694 3067 2426 1961 1397 ]
K = 6
nk = [ 1 1 1 1 1 2 3 3 3 4 4 5 5 5 5 6 6 6 6 6 ]
First = [ 1 0 0 0 0 1 1 0 0 1 0 1 0 0 0 1 0 0 0 0 ]
Last = [ 0 0 0 0 1 1 0 0 1 0 1 0 0 0 1 0 0 0 0 1 ]
nS = 1
S = [ 6.94616e-310 6.94616e-310 0 0 0 0 0 0 0 0 0 0 0 0 0 0 0 0 0 0 ]
