n = 20 ; 
T = 96 ; 
Init = [ 1 1 1 0 0 0 0 1 1 1 1 1 1 1 1 1 1 1 1 1 ]
L = [ 4 4 4 9 9 9 9 6 6 6 3 3 3 3 3 3 5 5 5 5 ]
l = [ 4 4 4 9 9 9 9 6 6 6 3 3 3 3 3 3 5 5 5 5 ]
Pmin = [ 38 38 38 99 99 99 99 67 64 64 31 31 31 31 31 31 60 60 60 60 ]
Pmax = [ 143 143 143 383 383 383 383 266 232 232 94 94 94 94 94 94 217 217 217 217 ]
cf = [ 52.2404 52.2404 52.2404 26.2121 26.2121 26.2121 26.2121 60.5192 68.3118 68.3118 27.9446 27.9446 27.9446 27.9446 27.9446 27.9446 15.8224 15.8224 15.8224 15.8224 ]
c0 = [ 105 106 108 251 254 258 263 180 184 186 87 88 89 91 93 96 160 162 164 168 ]
cp = [ 35.5004 35.5004 35.5004 15.3979 15.3979 15.3979 15.3979 13.1438 23.4621 23.4621 35.981 35.981 35.981 35.981 35.981 35.981 23.7955 23.7955 23.7955 23.7955 ]
D = [ 1035 1194 1390 1638 1774 1953 2155 2388 2492 2714 3006 3078 3389 3002 2898 2658 2346 2163 2477 2737 2897 2558 2011 1621 1081 1355 1571 1749 1867 2144 2269 2544 2834 3005 3196 3356 3630 3324 2895 2630 2285 2011 2397 2831 3172 2629 2032 1587 1007 1277 1390 1567 1841 1918 2165 2337 2492 2800 2885 3161 3282 3018 2729 2418 2223 2003 2349 2720 3157 2602 2144 1460 925 1156 1347 1676 1832 2012 2261 2472 2711 2944 3121 3316 3610 3201 2985 2614 2354 2099 2502 2825 3214 2589 2116 1488 ]
K = 6
nk = [ 1 1 1 2 2 2 2 3 4 4 5 5 5 5 5 5 6 6 6 6 ]
First = [ 1 0 0 1 0 0 0 1 1 0 1 0 0 0 0 0 1 0 0 0 ]
Last = [ 0 0 1 0 0 0 1 1 0 1 0 0 0 0 0 1 0 0 0 1 ]
nS = 1
S = [ 6.94616e-310 6.94616e-310 0 0 0 0 0 0 0 0 0 0 0 0 0 0 0 0 0 0 ]
