n = 20 ; 
T = 96 ; 
Init = [ 1 1 1 0 0 0 0 0 0 0 0 0 0 1 1 1 1 1 1 1 ]
L = [ 6 6 6 6 6 6 6 6 6 5 6 6 6 8 8 8 5 5 5 5 ]
l = [ 6 6 6 6 6 6 6 6 6 5 6 6 6 8 8 8 5 5 5 5 ]
Pmin = [ 67 67 67 69 69 69 69 69 69 53 73 73 73 84 84 84 50 50 50 50 ]
Pmax = [ 249 249 249 276 276 276 276 276 276 187 265 265 265 314 314 314 187 187 187 187 ]
cf = [ 60.6221 60.6221 60.6221 32.7353 32.7353 32.7353 32.7353 32.7353 32.7353 69.4468 30.4239 30.4239 30.4239 21.2175 21.2175 21.2175 69.581 69.581 69.581 69.581 ]
c0 = [ 174 176 179 186 187 190 194 199 204 139 187 189 192 215 217 220 134 135 137 140 ]
cp = [ 18.618 18.618 18.618 20.1069 20.1069 20.1069 20.1069 20.1069 20.1069 32.8127 22.5296 22.5296 22.5296 14.5408 14.5408 14.5408 23.9096 23.9096 23.9096 23.9096 ]
D = [ 1283 1580 1801 2059 2320 2443 2764 2935 3176 3371 3716 3910 4151 3919 3572 3088 2859 2470 2941 3476 4091 3350 2674 2163 1467 1662 1986 2154 2325 2662 2846 3098 3308 3621 3869 4029 4239 3838 3599 3112 2901 2514 2882 3162 3697 2899 2296 1729 1200 1419 1709 1848 2157 2382 2661 3073 3248 3546 3731 3986 4298 4025 3668 3356 3005 2729 3019 3296 3656 3106 2392 1832 1159 1387 1816 2103 2360 2665 2796 3218 3339 3619 3954 4313 4517 4184 3729 3323 2959 2517 3000 3194 3630 3002 2572 2008 ]
K = 6
nk = [ 1 1 1 2 2 2 2 2 2 3 4 4 4 5 5 5 6 6 6 6 ]
First = [ 1 0 0 1 0 0 0 0 0 1 1 0 0 1 0 0 1 0 0 0 ]
Last = [ 0 0 1 0 0 0 0 0 1 1 0 0 1 0 0 1 0 0 0 1 ]
nS = 1
S = [ 6.94616e-310 6.94616e-310 0 0 0 0 0 0 0 0 0 0 0 0 0 0 0 0 0 0 ]
