n = 20 ; 
T = 96 ; 
Init = [ 0 0 0 0 0 1 1 1 1 1 1 1 1 1 1 0 0 1 1 1 ]
L = [ 5 5 5 5 5 6 9 9 9 9 9 6 6 6 6 6 6 9 9 9 ]
l = [ 5 5 5 5 5 6 9 9 9 9 9 6 6 6 6 6 6 9 9 9 ]
Pmin = [ 53 53 53 53 53 56 99 99 99 99 99 73 73 73 73 63 63 90 90 90 ]
Pmax = [ 178 178 178 178 178 228 410 410 410 410 410 270 270 270 270 231 231 365 365 365 ]
cf = [ 57.9405 57.9405 57.9405 57.9405 57.9405 46.2878 40.6151 40.6151 40.6151 40.6151 40.6151 9.77453 9.77453 9.77453 9.77453 57.2687 57.2687 20.3694 20.3694 20.3694 ]
c0 = [ 160 161 164 167 171 160 251 254 258 263 269 205 207 210 214 174 176 242 244 248 ]
cp = [ 25.1982 25.1982 25.1982 25.1982 25.1982 28.2835 10.4049 10.4049 10.4049 10.4049 10.4049 25.7756 25.7756 25.7756 25.7756 22.2056 22.2056 12.1145 12.1145 12.1145 ]
D = [ 1664 1911 2381 2540 2801 3115 3321 3771 3833 4157 4550 4707 4978 4522 4314 3827 3393 2979 3505 4041 4333 3613 2976 2082 1224 1600 1963 2185 2523 2770 3210 3587 3765 4147 4543 4770 5038 4540 4218 3672 3151 2759 3163 3844 4221 3448 2940 2151 1399 1664 2042 2303 2386 2673 2959 3208 3622 3973 4087 4338 4772 4392 3960 3488 3250 2967 3357 3878 4415 3692 3027 2217 1495 1783 2063 2416 2577 2844 3239 3413 3694 4065 4379 4505 4949 4540 4126 3623 3148 2627 3265 3886 4447 3638 2827 1987 ]
K = 6
nk = [ 1 1 1 1 1 2 3 3 3 3 3 4 4 4 4 5 5 6 6 6 ]
First = [ 1 0 0 0 0 1 1 0 0 0 0 1 0 0 0 1 0 1 0 0 ]
Last = [ 0 0 0 0 1 1 0 0 0 0 1 0 0 0 1 0 1 0 0 1 ]
nS = 1
S = [ 0 0 0 0 0 0 0 0 0 0 0 0 0 0 0 0 0 0 0 0 ]
