n = 20 ; 
T = 96 ; 
Init = [ 0 0 0 0 0 1 1 1 1 1 1 0 0 0 0 1 1 0 0 0 ]
L = [ 8 8 8 8 8 4 4 4 4 4 4 4 4 4 4 3 3 3 3 3 ]
l = [ 8 8 8 8 8 4 4 4 4 4 4 4 4 4 4 3 3 3 3 3 ]
Pmin = [ 81 81 81 81 81 51 51 51 51 51 51 42 42 42 42 28 28 26 26 26 ]
Pmax = [ 328 328 328 328 328 169 169 169 169 169 169 167 167 167 167 71 71 62 62 62 ]
cf = [ 36.7736 36.7736 36.7736 36.7736 36.7736 16.3603 16.3603 16.3603 16.3603 16.3603 16.3603 55.0476 55.0476 55.0476 55.0476 27.7294 27.7294 65.9845 65.9845 65.9845 ]
c0 = [ 210 212 215 219 224 134 136 138 140 144 148 119 120 122 124 97 98 83 83 85 ]
cp = [ 18.011 18.011 18.011 18.011 18.011 29.9565 29.9565 29.9565 29.9565 29.9565 29.9565 28.3226 28.3226 28.3226 28.3226 35.6775 35.6775 40.021 40.021 40.021 ]
D = [ 796 951 1173 1384 1517 1674 1862 2093 2340 2464 2638 2894 3077 2744 2557 2193 1930 1811 2022 2295 2742 2311 1742 1319 961 1100 1319 1489 1665 1765 1883 2177 2280 2445 2655 2842 2997 2754 2561 2260 2086 1932 2104 2401 2627 2180 1740 1238 772 978 1152 1351 1464 1644 1853 2046 2179 2371 2501 2779 2870 2775 2502 2314 2093 1878 2141 2535 2782 2364 1861 1265 789 962 1129 1302 1621 1812 1924 2247 2327 2605 2740 2984 3217 2959 2624 2339 2028 1725 2024 2303 2657 2171 1808 1421 ]
K = 5
nk = [ 1 1 1 1 1 2 2 2 2 2 2 3 3 3 3 4 4 5 5 5 ]
First = [ 1 0 0 0 0 1 0 0 0 0 0 1 0 0 0 1 0 1 0 0 ]
Last = [ 0 0 0 0 1 0 0 0 0 0 1 0 0 0 1 0 1 0 0 1 ]
nS = 1
S = [ 6.94616e-310 6.94616e-310 0 0 0 0 0 0 0 0 0 0 0 0 0 0 0 0 0 0 ]
