n = 20 ; 
T = 96 ; 
Init = [ 1 1 1 1 1 1 1 1 1 1 1 1 1 1 1 1 1 1 1 1 ]
L = [ 5 5 5 7 7 7 7 7 7 9 9 9 10 10 10 10 10 9 9 9 ]
l = [ 5 5 5 7 7 7 7 7 7 9 9 9 10 10 10 10 10 9 9 9 ]
Pmin = [ 54 54 54 84 84 84 84 84 84 100 100 100 100 100 100 100 100 100 100 100 ]
Pmax = [ 214 214 214 316 316 316 316 316 316 399 399 399 420 420 420 420 420 418 418 418 ]
cf = [ 43.0723 43.0723 43.0723 30.1468 30.1468 30.1468 30.1468 30.1468 30.1468 23.6296 23.6296 23.6296 48.3111 48.3111 48.3111 48.3111 48.3111 40.4308 40.4308 40.4308 ]
c0 = [ 155 156 158 235 237 240 245 251 258 251 254 258 251 254 258 263 269 251 254 258 ]
cp = [ 17.3545 17.3545 17.3545 18.7109 18.7109 18.7109 18.7109 18.7109 18.7109 18.983 18.983 18.983 8.40359 8.40359 8.40359 8.40359 8.40359 10.6702 10.6702 10.6702 ]
D = [ 1812 2114 2677 2969 3214 3523 3916 4387 4667 5171 5323 5661 6137 5715 5017 4572 4187 3411 4196 4964 5538 4529 3375 2549 1570 1854 2113 2532 3022 3501 3809 4252 4483 4906 5272 5652 6154 5597 5193 4597 4139 3517 4172 4856 5463 4367 3673 2466 1765 1994 2543 2771 3151 3442 4052 4234 4724 5100 5404 5925 6274 5680 5140 4558 4071 3731 4162 4526 4907 4105 3157 2364 1452 1800 2179 2595 2832 3346 3765 3916 4378 4602 5151 5328 5764 5358 4694 4231 3795 3341 3971 4493 5090 4435 3406 2576 ]
K = 5
nk = [ 1 1 1 2 2 2 2 2 2 3 3 3 4 4 4 4 4 5 5 5 ]
First = [ 1 0 0 1 0 0 0 0 0 1 0 0 1 0 0 0 0 1 0 0 ]
Last = [ 0 0 1 0 0 0 0 0 1 0 0 1 0 0 0 0 1 0 0 1 ]
nS = 1
S = [ 6.94616e-310 6.94616e-310 0 0 0 0 0 0 0 0 0 0 0 0 0 0 0 0 0 0 ]
