n = 20 ; 
T = 96 ; 
Init = [ 1 1 1 1 1 0 0 1 1 1 1 0 0 0 0 1 1 0 0 0 ]
L = [ 7 7 7 7 7 8 3 5 5 5 3 7 7 7 2 6 6 7 2 2 ]
l = [ 7 7 7 7 7 8 3 5 5 5 3 7 7 7 2 6 6 7 2 2 ]
Pmin = [ 71 71 71 71 71 82 28 51 51 51 19 72 72 72 26 66 66 71 27 27 ]
Pmax = [ 263 263 263 263 263 332 81 187 187 187 64 292 292 292 61 242 242 276 72 72 ]
cf = [ 51.9925 51.9925 51.9925 51.9925 51.9925 43.0154 50.301 19.7694 19.7694 19.7694 11.2464 35.0692 35.0692 35.0692 10.5099 18.0604 18.0604 65.0761 37.8327 37.8327 ]
c0 = [ 187 189 192 195 200 215 99 149 150 152 63 200 202 205 89 184 186 199 97 98 ]
cp = [ 22.9966 22.9966 22.9966 22.9966 22.9966 22.538 38.5447 23.574 23.574 23.574 41.5806 21.0728 21.0728 21.0728 39.861 22.4613 22.4613 31.4021 39.5579 39.5579 ]
D = [ 1098 1214 1459 1747 1884 2111 2354 2635 2882 3044 3302 3444 3709 3282 3012 2666 2465 2092 2547 2895 3244 2646 2138 1749 1103 1248 1578 1701 1873 2104 2313 2494 2750 2853 3062 3262 3405 3235 2842 2575 2285 2035 2298 2702 2928 2532 1944 1486 1007 1225 1514 1610 1797 2016 2258 2483 2719 2781 3069 3216 3461 3094 2864 2554 2240 2020 2388 2791 3222 2648 2264 1736 1275 1519 1587 1894 2059 2190 2315 2499 2839 2989 3208 3242 3480 3150 2902 2571 2305 2042 2459 2867 3344 2715 2105 1603 ]
K = 10
nk = [ 1 1 1 1 1 2 3 4 4 4 5 6 6 6 7 8 8 9 10 10 ]
First = [ 1 0 0 0 0 1 1 1 0 0 1 1 0 0 1 1 0 1 1 0 ]
Last = [ 0 0 0 0 1 1 1 0 0 1 1 0 0 1 1 0 1 1 0 1 ]
nS = 1
S = [ 6.94616e-310 6.94616e-310 0 0 0 0 0 0 0 0 0 0 0 0 0 0 0 0 0 0 ]
