n = 20 ; 
T = 96 ; 
Init = [ 0 0 0 0 0 1 1 1 1 0 0 0 0 0 0 0 0 0 0 0 ]
L = [ 9 9 9 9 9 6 6 6 6 5 5 5 5 5 5 5 5 5 5 5 ]
l = [ 9 9 9 9 9 6 6 6 6 5 5 5 5 5 5 5 5 5 5 5 ]
Pmin = [ 96 96 96 96 96 60 60 60 60 50 50 50 50 50 50 58 58 58 58 58 ]
Pmax = [ 389 389 389 389 389 243 243 243 243 170 170 170 170 170 170 224 224 224 224 224 ]
cf = [ 7.88576 7.88576 7.88576 7.88576 7.88576 51.9985 51.9985 51.9985 51.9985 44.7081 44.7081 44.7081 44.7081 44.7081 44.7081 20.9079 20.9079 20.9079 20.9079 20.9079 ]
c0 = [ 251 254 258 263 269 157 159 161 164 133 135 137 139 143 147 172 173 176 179 183 ]
cp = [ 14.7015 14.7015 14.7015 14.7015 14.7015 29.3595 29.3595 29.3595 29.3595 34.216 34.216 34.216 34.216 34.216 34.216 25.2577 25.2577 25.2577 25.2577 25.2577 ]
D = [ 1456 1674 1857 2150 2304 2541 2846 2938 3153 3381 3659 3891 4146 3774 3494 3195 2926 2705 2941 3446 3729 3181 2436 1775 1099 1338 1537 1789 1979 2241 2617 2815 3150 3388 3569 3901 3985 3805 3395 3045 2886 2476 2909 3378 3784 3059 2553 1797 1166 1443 1696 2112 2339 2598 2956 3198 3383 3692 4021 4197 4440 4167 3695 3388 2819 2517 3042 3459 3830 3246 2491 1848 1304 1515 1739 1995 2381 2538 2741 3105 3340 3706 3974 4237 4449 4159 3729 3215 2860 2528 2933 3561 3961 3389 2791 2153 ]
K = 4
nk = [ 1 1 1 1 1 2 2 2 2 3 3 3 3 3 3 4 4 4 4 4 ]
First = [ 1 0 0 0 0 1 0 0 0 1 0 0 0 0 0 1 0 0 0 0 ]
Last = [ 0 0 0 0 1 0 0 0 1 0 0 0 0 0 1 0 0 0 0 1 ]
nS = 1
S = [ 6.94616e-310 6.94616e-310 0 0 0 0 0 0 0 0 0 0 0 0 0 0 0 0 0 0 ]
