n = 20 ; 
T = 96 ; 
Init = [ 0 1 1 1 1 1 1 1 0 0 0 0 0 0 0 0 0 0 0 0 ]
L = [ 6 7 7 7 7 8 8 8 2 2 2 2 2 2 3 2 2 2 2 2 ]
l = [ 6 7 7 7 7 8 8 8 2 2 2 2 2 2 3 2 2 2 2 2 ]
Pmin = [ 61 70 70 70 70 91 91 91 17 17 17 17 17 17 26 19 19 19 19 19 ]
Pmax = [ 236 267 267 267 267 364 364 364 48 48 48 48 48 48 86 29 29 29 29 29 ]
cf = [ 20.0936 38.4656 38.4656 38.4656 38.4656 25.172 25.172 25.172 8.73199 8.73199 8.73199 8.73199 8.73199 8.73199 67.6611 62.9488 62.9488 62.9488 62.9488 62.9488 ]
c0 = [ 172 182 184 187 191 242 244 248 54 54 55 56 57 59 88 67 67 68 70 71 ]
cp = [ 14.3828 17.2923 17.2923 17.2923 17.2923 23.7773 23.7773 23.7773 37.3603 37.3603 37.3603 37.3603 37.3603 37.3603 38.9781 41.7721 41.7721 41.7721 41.7721 41.7721 ]
D = [ 639 814 985 1091 1287 1379 1600 1713 1898 2089 2194 2370 2550 2371 2153 1865 1647 1511 1742 1953 2146 1768 1399 1118 769 929 994 1187 1356 1483 1593 1810 1880 2057 2181 2396 2517 2275 2127 1789 1662 1327 1611 1954 2265 1755 1403 998 564 697 875 1025 1189 1409 1579 1719 1899 2019 2195 2285 2495 2255 2069 1903 1629 1452 1721 1907 2186 1812 1440 1137 772 936 1064 1206 1274 1513 1662 1793 1928 2060 2213 2312 2463 2220 2044 1949 1727 1475 1718 1928 2225 1811 1458 1014 ]
K = 6
nk = [ 1 2 2 2 2 3 3 3 4 4 4 4 4 4 5 6 6 6 6 6 ]
First = [ 1 1 0 0 0 1 0 0 1 0 0 0 0 0 1 1 0 0 0 0 ]
Last = [ 1 0 0 0 1 0 0 1 0 0 0 0 0 1 1 0 0 0 0 1 ]
nS = 1
S = [ 0 0 0 0 0 0 0 0 0 0 0 0 0 0 0 0 0 0 0 0 ]
