n = 20 ; 
T = 96 ; 
Init = [ 1 1 1 1 1 1 1 1 1 1 1 1 1 1 1 1 1 1 1 1 ]
L = [ 8 8 8 8 8 6 6 9 9 9 9 9 9 5 5 5 3 3 3 3 ]
l = [ 8 8 8 8 8 6 6 9 9 9 9 9 9 5 5 5 3 3 3 3 ]
Pmin = [ 93 93 93 93 93 64 64 97 97 97 97 97 97 45 45 45 27 27 27 27 ]
Pmax = [ 354 354 354 354 354 235 235 392 392 392 392 392 392 168 168 168 95 95 95 95 ]
cf = [ 62.3313 62.3313 62.3313 62.3313 62.3313 43.1159 43.1159 14.4413 14.4413 14.4413 14.4413 14.4413 14.4413 54.647 54.647 54.647 17.3551 17.3551 17.3551 17.3551 ]
c0 = [ 248 250 254 259 265 168 170 251 254 258 263 269 276 120 122 123 95 96 97 99 ]
cp = [ 19.6539 19.6539 19.6539 19.6539 19.6539 21.4965 21.4965 10.1899 10.1899 10.1899 10.1899 10.1899 10.1899 26.5334 26.5334 26.5334 36.2326 36.2326 36.2326 36.2326 ]
D = [ 1275 1581 1869 2107 2479 2663 2895 3200 3504 3656 4051 4295 4502 4131 3859 3343 3092 2685 3010 3573 3898 3389 2569 2006 1310 1603 1988 2190 2501 2633 2935 3158 3470 3807 4061 4254 4495 4090 3806 3419 2898 2692 3104 3664 4264 3434 2954 2294 1634 1904 2039 2243 2641 2720 2977 3249 3592 3814 4139 4342 4561 4198 3760 3543 3051 2599 3028 3495 3947 3376 2662 2114 1401 1695 2086 2252 2650 2995 3307 3535 3667 4000 4321 4643 4832 4576 3900 3569 3029 2728 3075 3692 4198 3574 2986 2304 ]
K = 5
nk = [ 1 1 1 1 1 2 2 3 3 3 3 3 3 4 4 4 5 5 5 5 ]
First = [ 1 0 0 0 0 1 0 1 0 0 0 0 0 1 0 0 1 0 0 0 ]
Last = [ 0 0 0 0 1 0 1 0 0 0 0 0 1 0 0 1 0 0 0 1 ]
nS = 1
S = [ 6.94616e-310 6.94616e-310 0 0 0 0 0 0 0 0 0 0 0 0 0 0 0 0 0 0 ]
