n = 20 ; 
T = 96 ; 
Init = [ 1 1 1 1 0 0 0 0 0 0 0 0 0 0 1 1 1 1 0 0 ]
L = [ 5 5 7 7 2 2 2 2 4 4 4 5 5 5 9 9 9 9 5 5 ]
l = [ 5 5 7 7 2 2 2 2 4 4 4 5 5 5 9 9 9 9 5 5 ]
Pmin = [ 58 58 76 76 23 23 23 23 36 36 36 55 55 55 90 90 90 90 53 53 ]
Pmax = [ 205 205 287 287 61 61 61 61 105 105 105 209 209 209 367 367 367 367 187 187 ]
cf = [ 25.7246 25.7246 30.7568 30.7568 43.8751 43.8751 43.8751 43.8751 68.1602 68.1602 68.1602 15.1788 15.1788 15.1788 23.7187 23.7187 23.7187 23.7187 18.2589 18.2589 ]
c0 = [ 165 166 194 196 86 87 88 90 108 109 111 160 161 163 246 249 252 257 151 152 ]
cp = [ 29.9169 29.9169 16.2696 16.2696 40.8053 40.8053 40.8053 40.8053 35.7797 35.7797 35.7797 31.0484 31.0484 31.0484 12.4671 12.4671 12.4671 12.4671 33.0264 33.0264 ]
D = [ 1138 1208 1484 1697 1773 2054 2131 2380 2534 2673 2948 3124 3249 3062 2797 2415 2168 1965 2191 2612 2845 2455 1980 1515 1009 1219 1408 1648 1792 2011 2145 2388 2662 2863 3078 3308 3442 3155 2835 2557 2277 2005 2291 2618 2785 2315 2019 1602 1023 1296 1484 1753 1843 2061 2264 2524 2666 2902 3065 3198 3438 3162 2918 2697 2383 2146 2350 2793 3008 2605 1961 1460 1006 1163 1423 1567 1878 2052 2253 2427 2610 2876 3158 3221 3456 3149 2891 2588 2302 1928 2267 2700 3062 2445 2016 1415 ]
K = 7
nk = [ 1 1 2 2 3 3 3 3 4 4 4 5 5 5 6 6 6 6 7 7 ]
First = [ 1 0 1 0 1 0 0 0 1 0 0 1 0 0 1 0 0 0 1 0 ]
Last = [ 0 1 0 1 0 0 0 1 0 0 1 0 0 1 0 0 0 1 0 1 ]
nS = 1
S = [ 6.94616e-310 6.94616e-310 0 0 0 0 0 0 0 0 0 0 0 0 0 0 0 0 0 0 ]
