n = 10 ; 
T = 96 ; 
Init = [ 0 1 0 0 0 1 1 0 0 1 ]
L = [ 4 18 16 19 19 5 5 19 19 10 ]
l = [ 4 18 16 19 19 5 5 19 19 10 ]
Pmin = [ 39 376 364 417 417 59 59 420 420 187 ]
Pmax = [ 39 376 364 417 417 59 59 420 420 187 ]
cf = [ 29.1047 38.4181 24.5086 18.0175 18.0175 20.3991 20.3991 26.8896 26.8896 18.0104 ]
c0 = [ 65 248 239 250 250 60 60 250 250 148 ]
cp = [ 41.8559 26.4721 20.6357 9.66483 9.66483 38.827 38.827 14.621 14.621 26.0695 ]
D = [ 839 875 917 1002 1032 1146 1178 1215 1262 1425 1432 1464 1593 1584 1666 1782 1815 1915 2006 2028 2131 2124 2240 2250 2362 2232 2116 2045 1917 1891 1759 1729 1563 1520 1399 1535 1657 1839 1948 2052 2222 1961 1830 1641 1416 1304 1055 910 754 795 905 978 997 1019 1168 1145 1240 1341 1358 1392 1467 1598 1623 1638 1746 1854 1907 1937 1985 2031 2128 2246 2225 2215 2072 1979 1962 1852 1758 1676 1655 1497 1425 1528 1609 1680 1808 1919 2029 1874 1721 1495 1408 1216 1053 901 ]
K = 7
nk = [ 1 2 3 4 4 5 5 6 6 7 ]
First = [ 1 1 1 1 0 1 0 1 0 1 ]
Last = [ 1 1 1 0 1 0 1 0 1 1 ]
nS = 1
S = [ 0 1 2 3 4 5 6 7 8 9 ]
