n = 10 ; 
T = 96 ; 
Init = [ 0 0 1 1 1 1 1 1 1 1 ]
L = [ 12 12 16 15 13 13 12 12 13 13 ]
l = [ 12 12 16 15 13 13 12 12 13 13 ]
Pmin = [ 266 266 349 322 268 268 242 242 266 266 ]
Pmax = [ 266 266 349 322 268 268 242 242 266 266 ]
cf = [ 27.7353 27.7353 36.8087 47.8109 16.0392 16.0392 9.40765 9.40765 36.1192 36.1192 ]
c0 = [ 193 193 225 237 198 198 172 172 184 184 ]
cp = [ 20.2435 20.2435 16.9021 21.5169 15.525 15.525 19.3483 19.3483 14.5676 14.5676 ]
D = [ 708 765 849 886 986 1002 1121 1109 1200 1277 1334 1439 1428 1569 1592 1706 1698 1848 1871 1918 2055 2125 2105 2166 2235 2234 2082 1953 1854 1823 1653 1552 1510 1358 1336 1460 1609 1773 1927 1989 2162 1962 1829 1578 1452 1164 960 758 592 723 751 810 886 992 1050 1192 1227 1282 1370 1460 1480 1546 1639 1787 1861 1870 1934 2005 2079 2199 2232 2325 2439 2285 2188 2068 2000 1853 1794 1722 1630 1523 1434 1446 1583 1691 1769 1976 2062 1867 1693 1549 1345 1188 1004 798 ]
K = 6
nk = [ 1 1 2 3 4 4 5 5 6 6 ]
First = [ 1 0 1 1 1 0 1 0 1 0 ]
Last = [ 0 1 1 1 0 1 0 1 0 1 ]
nS = 1
S = [ 0 1 2 3 4 5 6 7 8 9 ]
