n = 10 ; 
T = 96 ; 
Init = [ 1 1 0 0 0 1 1 0 0 0 ]
L = [ 19 11 18 18 16 19 19 15 15 15 ]
l = [ 19 11 18 18 16 19 19 15 15 15 ]
Pmin = [ 410 245 380 380 355 420 420 335 335 335 ]
Pmax = [ 410 245 380 380 355 420 420 335 335 335 ]
cf = [ 47.6086 33.0016 47.9418 47.9418 51.0313 7.97742 7.97742 47.4099 47.4099 47.4099 ]
c0 = [ 250 179 244 244 228 250 250 243 243 243 ]
cp = [ 11.4436 34.9728 11.0224 11.0224 25.9629 11.2337 11.2337 32.2615 32.2615 32.2615 ]
D = [ 804 854 942 1003 1123 1309 1344 1397 1525 1666 1783 1774 1885 2000 2065 2119 2226 2402 2490 2605 2682 2716 2804 2938 2989 2883 2805 2643 2550 2329 2198 2114 1994 1859 1742 1940 2043 2303 2461 2600 2763 2547 2186 1968 1774 1530 1273 1095 896 953 1072 1125 1229 1313 1399 1552 1632 1759 1775 1990 1982 2177 2187 2275 2465 2597 2684 2750 2901 3007 2971 3114 3199 3133 2973 2801 2670 2571 2459 2260 2117 2025 1923 2042 2192 2334 2362 2491 2660 2404 2304 2021 1859 1525 1374 1157 ]
K = 6
nk = [ 1 2 3 3 4 5 5 6 6 6 ]
First = [ 1 1 1 0 1 1 0 1 0 0 ]
Last = [ 1 1 0 1 1 0 1 0 0 1 ]
nS = 1
S = [ 0 1 2 3 4 5 6 7 8 9 ]
