n = 10 ; 
T = 96 ; 
Init = [ 0 0 0 0 0 0 0 0 1 1 ]
L = [ 5 5 5 20 20 6 6 6 7 7 ]
l = [ 5 5 5 20 20 6 6 6 7 7 ]
Pmin = [ 55 55 55 420 420 81 81 81 106 106 ]
Pmax = [ 55 55 55 420 420 81 81 81 106 106 ]
cf = [ 19.2247 19.2247 19.2247 24.7591 24.7591 50.7428 50.7428 50.7428 21.4237 21.4237 ]
c0 = [ 66 66 66 250 250 84 84 84 113 113 ]
cp = [ 38.187 38.187 38.187 8.06417 8.06417 34.8067 34.8067 34.8067 39.8093 39.8093 ]
D = [ 368 351 421 435 476 544 566 609 685 674 750 789 790 873 922 956 1004 1000 1058 1079 1139 1207 1212 1261 1327 1220 1208 1135 1055 1033 991 886 866 795 723 818 830 911 950 999 1087 1007 900 794 698 600 488 401 276 357 393 396 463 482 519 563 595 642 663 739 770 771 860 856 896 918 1004 1004 1074 1094 1154 1166 1230 1159 1102 1086 1007 984 940 877 839 793 753 853 897 965 1012 1050 1127 1058 978 891 784 696 568 463 ]
K = 4
nk = [ 1 1 1 2 2 3 3 3 4 4 ]
First = [ 1 0 0 1 0 1 0 0 1 0 ]
Last = [ 0 0 1 0 1 0 0 1 0 1 ]
nS = 1
S = [ 0 1 2 3 4 5 6 7 8 9 ]
