n = 10 ; 
T = 96 ; 
Init = [ 0 0 0 0 0 1 0 0 1 1 ]
L = [ 20 20 14 14 5 20 19 19 15 15 ]
l = [ 20 20 14 14 5 20 19 19 15 15 ]
Pmin = [ 420 420 279 279 87 420 399 399 320 320 ]
Pmax = [ 420 420 279 279 87 420 399 399 320 320 ]
cf = [ 39.8495 39.8495 31.7667 31.7667 24.6699 25.4488 25.2719 25.2719 30.8194 30.8194 ]
c0 = [ 250 250 190 190 85 250 250 250 209 209 ]
cp = [ 9.58468 9.58468 23.1354 23.1354 40.9446 8.12635 10.0998 10.0998 22.9022 22.9022 ]
D = [ 896 971 1043 1162 1227 1223 1337 1411 1513 1542 1580 1751 1823 1790 1941 2045 2083 2217 2171 2346 2345 2445 2582 2640 2739 2576 2480 2430 2247 2198 2097 2038 1855 1887 1738 1911 1960 2082 2255 2465 2542 2334 2163 1892 1711 1482 1241 1158 914 944 1056 1088 1250 1272 1350 1422 1572 1685 1669 1811 1869 1889 2078 2121 2178 2307 2424 2480 2512 2567 2650 2795 2816 2683 2660 2454 2412 2219 2153 1996 1885 1716 1642 1759 1945 2015 2256 2377 2478 2267 2092 1948 1675 1474 1292 1128 ]
K = 6
nk = [ 1 1 2 2 3 4 5 5 6 6 ]
First = [ 1 0 1 0 1 1 1 0 1 0 ]
Last = [ 0 1 0 1 1 1 0 1 0 1 ]
nS = 1
S = [ 0 1 2 3 4 5 6 7 8 9 ]
