n = 10 ; 
T = 96 ; 
Init = [ 1 1 1 1 0 0 0 0 0 0 ]
L = [ 17 17 17 17 18 18 18 18 18 8 ]
l = [ 17 17 17 17 18 18 18 18 18 8 ]
Pmin = [ 383 383 383 383 406 406 406 406 406 165 ]
Pmax = [ 383 383 383 383 406 406 406 406 406 165 ]
cf = [ 45.6427 45.6427 45.6427 45.6427 69.9458 69.9458 69.9458 69.9458 69.9458 42.2974 ]
c0 = [ 250 250 250 250 250 250 250 250 250 139 ]
cp = [ 10.384 10.384 10.384 10.384 9.87947 9.87947 9.87947 9.87947 9.87947 37.1384 ]
D = [ 744 875 938 1056 1119 1328 1416 1489 1602 1671 1743 1924 1939 2115 2253 2336 2362 2557 2575 2753 2865 2882 2949 3159 3241 3120 2990 2711 2605 2510 2337 2240 2026 1964 1734 1922 2110 2307 2467 2518 2683 2430 2327 2023 1844 1629 1306 1052 837 1016 1137 1126 1314 1444 1468 1550 1647 1713 1869 2043 2018 2210 2271 2440 2490 2600 2632 2809 2897 3005 3084 3187 3353 3168 2990 2889 2759 2551 2489 2377 2247 2056 1833 2053 2154 2267 2467 2565 2642 2389 2200 1940 1778 1400 1209 995 ]
K = 3
nk = [ 1 1 1 1 2 2 2 2 2 3 ]
First = [ 1 0 0 0 1 0 0 0 0 1 ]
Last = [ 0 0 0 1 0 0 0 0 1 1 ]
nS = 1
S = [ 0 1 2 3 4 5 6 7 8 9 ]
