n = 10 ; 
T = 96 ; 
Init = [ 0 1 0 0 1 1 1 0 0 1 ]
L = [ 7 9 14 9 10 18 18 6 6 6 ]
l = [ 7 9 14 9 10 18 18 6 6 6 ]
Pmin = [ 103 164 289 163 178 401 401 64 64 85 ]
Pmax = [ 103 164 289 163 178 401 401 64 64 85 ]
cf = [ 15.4562 38.8495 27.7256 34.8747 9.13943 36.9821 36.9821 18.4941 18.4941 11.3579 ]
c0 = [ 92 125 204 122 119 250 250 75 75 93 ]
cp = [ 38.5782 34.3707 17.5951 32.2431 28.1135 9.55821 9.55821 33.8728 33.8728 39.1106 ]
D = [ 475 553 568 643 699 711 755 792 892 912 926 983 1060 1117 1125 1157 1183 1220 1315 1350 1355 1408 1496 1493 1550 1506 1456 1365 1315 1275 1202 1129 1046 944 902 980 1071 1179 1250 1321 1404 1309 1180 1006 924 760 650 550 371 444 508 565 578 615 688 725 832 820 916 909 996 1010 1087 1121 1198 1261 1293 1327 1390 1453 1533 1559 1564 1555 1496 1376 1308 1243 1200 1120 1078 972 899 968 1075 1174 1230 1317 1430 1256 1164 1038 905 838 697 590 ]
K = 8
nk = [ 1 2 3 4 5 6 6 7 7 8 ]
First = [ 1 1 1 1 1 1 0 1 0 1 ]
Last = [ 1 1 1 1 1 0 1 0 1 1 ]
nS = 1
S = [ 0 1 2 3 4 5 6 7 8 9 ]
