n = 10 ; 
T = 96 ; 
Init = [ 1 0 1 1 1 1 1 0 1 1 ]
L = [ 7 19 11 11 11 11 11 4 19 19 ]
l = [ 7 19 11 11 11 11 11 4 19 19 ]
Pmin = [ 103 420 204 204 210 210 210 32 420 420 ]
Pmax = [ 103 420 204 204 210 210 210 32 420 420 ]
cf = [ 52.0268 45.5873 21.737 21.737 68.885 68.885 68.885 66.7087 28.4618 28.4618 ]
c0 = [ 83 250 151 151 155 155 155 50 250 250 ]
cp = [ 24.5166 17.0713 23.621 23.621 36.4627 36.4627 36.4627 41.1797 8.95938 8.95938 ]
D = [ 643 752 819 848 859 959 1035 1101 1147 1159 1219 1290 1411 1445 1506 1525 1593 1644 1723 1767 1814 1932 1928 2035 2047 1950 1900 1852 1700 1698 1604 1471 1421 1336 1270 1339 1363 1480 1555 1665 1735 1578 1369 1268 1087 978 836 664 469 605 617 667 741 789 869 928 966 1094 1092 1226 1275 1357 1337 1423 1500 1605 1679 1655 1802 1830 1875 1968 2007 1888 1872 1799 1645 1654 1478 1422 1407 1277 1208 1282 1408 1433 1600 1701 1791 1640 1463 1288 1156 993 840 624 ]
K = 6
nk = [ 1 2 3 3 4 4 4 5 6 6 ]
First = [ 1 1 1 0 1 0 0 1 1 0 ]
Last = [ 1 1 0 1 0 0 1 1 0 1 ]
nS = 1
S = [ 0 1 2 3 4 5 6 7 8 9 ]
