n = 10 ; 
T = 96 ; 
Init = [ 0 0 0 1 1 0 0 0 0 0 ]
L = [ 9 9 9 10 10 13 13 13 13 13 ]
l = [ 9 9 9 10 10 13 13 13 13 13 ]
Pmin = [ 151 151 151 212 212 268 268 268 268 268 ]
Pmax = [ 151 151 151 212 212 268 268 268 268 268 ]
cf = [ 23.2273 23.2273 23.2273 9.36746 9.36746 12.8164 12.8164 12.8164 12.8164 12.8164 ]
c0 = [ 123 123 123 170 170 188 188 188 188 188 ]
cp = [ 24.7232 24.7232 24.7232 31.2242 31.2242 26.1579 26.1579 26.1579 26.1579 26.1579 ]
D = [ 436 540 542 640 698 763 766 836 934 963 1018 1028 1096 1138 1187 1277 1324 1354 1449 1465 1571 1595 1629 1712 1785 1698 1647 1562 1515 1454 1400 1334 1234 1216 1105 1246 1297 1370 1438 1533 1669 1510 1332 1165 1081 899 767 586 456 532 540 657 657 734 779 872 958 1001 1060 1104 1100 1216 1228 1302 1403 1427 1465 1552 1632 1648 1707 1750 1779 1760 1699 1561 1469 1399 1372 1275 1224 1149 1025 1181 1211 1338 1443 1504 1618 1484 1381 1194 1032 973 805 688 ]
K = 3
nk = [ 1 1 1 2 2 3 3 3 3 3 ]
First = [ 1 0 0 1 0 1 0 0 0 0 ]
Last = [ 0 0 1 0 1 0 0 0 0 1 ]
nS = 1
S = [ 0 1 2 3 4 5 6 7 8 9 ]
