n = 10 ; 
T = 96 ; 
Init = [ 0 0 0 0 0 0 0 1 1 1 ]
L = [ 8 8 8 16 16 16 16 19 19 9 ]
l = [ 8 8 8 16 16 16 16 19 19 9 ]
Pmin = [ 158 158 158 326 326 326 326 420 420 168 ]
Pmax = [ 158 158 158 326 326 326 326 420 420 168 ]
cf = [ 28.7553 28.7553 28.7553 47.8803 47.8803 47.8803 47.8803 38.9835 38.9835 16.1814 ]
c0 = [ 121 121 121 213 213 213 213 250 250 120 ]
cp = [ 35.4684 35.4684 35.4684 18.6513 18.6513 18.6513 18.6513 9.44388 9.44388 26.4931 ]
D = [ 568 622 680 749 887 981 984 1047 1145 1207 1271 1382 1432 1457 1559 1591 1709 1733 1861 1939 1955 2016 2160 2181 2304 2214 2070 2045 1952 1810 1707 1612 1563 1447 1350 1475 1599 1763 1880 1919 2074 1875 1756 1581 1335 1136 922 834 574 702 733 874 953 941 1083 1114 1204 1234 1310 1377 1516 1593 1660 1727 1798 1891 1878 2045 2094 2091 2197 2230 2310 2234 2149 2088 2006 1915 1759 1742 1596 1509 1450 1524 1678 1791 1934 1993 2175 1913 1781 1620 1363 1225 1058 910 ]
K = 4
nk = [ 1 1 1 2 2 2 2 3 3 4 ]
First = [ 1 0 0 1 0 0 0 1 0 1 ]
Last = [ 0 0 1 0 0 0 1 0 1 1 ]
nS = 1
S = [ 0 1 2 3 4 5 6 7 8 9 ]
