n = 10 ; 
T = 96 ; 
Init = [ 0 0 0 1 1 0 0 1 1 0 ]
L = [ 19 17 17 11 11 11 11 8 8 9 ]
l = [ 19 17 17 11 11 11 11 8 8 9 ]
Pmin = [ 417 370 370 201 201 210 210 126 126 170 ]
Pmax = [ 417 370 370 201 201 210 210 126 126 170 ]
cf = [ 44.4334 41.075 41.075 65.3781 65.3781 48.4002 48.4002 8.28674 8.28674 14.0705 ]
c0 = [ 250 248 248 146 146 156 156 112 112 147 ]
cp = [ 11.5553 13.6628 13.6628 13.6601 13.6601 27.5281 27.5281 30.8138 30.8138 30.9704 ]
D = [ 559 602 699 691 755 828 949 983 1032 1133 1154 1216 1361 1434 1416 1511 1597 1670 1706 1766 1873 1918 1975 2043 2113 2068 1930 1831 1723 1624 1567 1416 1388 1265 1135 1209 1387 1415 1551 1617 1774 1617 1430 1323 1171 995 916 783 578 652 725 734 865 841 937 971 1084 1128 1138 1226 1334 1316 1385 1420 1532 1565 1655 1660 1747 1779 1873 1930 1931 1896 1786 1680 1649 1554 1460 1425 1346 1171 1088 1273 1303 1449 1515 1696 1732 1582 1433 1255 1126 988 788 617 ]
K = 6
nk = [ 1 2 2 3 3 4 4 5 5 6 ]
First = [ 1 1 0 1 0 1 0 1 0 1 ]
Last = [ 1 0 1 0 1 0 1 0 1 1 ]
nS = 1
S = [ 0 1 2 3 4 5 6 7 8 9 ]
