n = 10 ; 
T = 96 ; 
Init = [ 1 1 0 0 1 0 0 1 1 0 ]
L = [ 13 13 6 6 9 20 20 6 6 5 ]
l = [ 13 13 6 6 9 20 20 6 6 5 ]
Pmin = [ 257 257 72 72 181 420 420 107 107 67 ]
Pmax = [ 257 257 72 72 181 420 420 107 107 67 ]
cf = [ 42.3055 42.3055 21.3747 21.3747 14.9563 24.0535 24.0535 45.9678 45.9678 55.1264 ]
c0 = [ 172 172 64 64 145 250 250 98 98 82 ]
cp = [ 21.7106 21.7106 36.818 36.818 36.5238 8.35709 8.35709 35.6062 35.6062 40.6951 ]
D = [ 516 568 576 636 672 681 777 816 870 922 955 952 1063 1053 1087 1128 1231 1239 1272 1308 1422 1466 1498 1525 1539 1517 1418 1419 1340 1247 1250 1151 1144 1031 1027 1051 1102 1190 1287 1346 1364 1286 1213 1055 999 838 754 679 558 633 649 731 763 760 820 895 951 969 1016 1016 1087 1174 1162 1259 1300 1285 1337 1400 1412 1485 1515 1544 1634 1581 1482 1391 1354 1305 1219 1185 1089 1054 980 1014 1152 1157 1302 1375 1433 1311 1229 1045 966 828 699 619 ]
K = 6
nk = [ 1 1 2 2 3 4 4 5 5 6 ]
First = [ 1 0 1 0 1 1 0 1 0 1 ]
Last = [ 0 1 0 1 1 0 1 0 1 1 ]
nS = 1
S = [ 0 1 2 3 4 5 6 7 8 9 ]
