n = 10 ; 
T = 96 ; 
Init = [ 0 0 0 0 0 0 1 1 1 1 ]
L = [ 11 11 4 17 5 5 14 11 20 20 ]
l = [ 11 11 4 17 5 5 14 11 20 20 ]
Pmin = [ 216 216 28 350 69 69 280 200 420 420 ]
Pmax = [ 216 216 28 350 69 69 280 200 420 420 ]
cf = [ 38.4063 38.4063 49.5014 46.6059 48.9105 48.9105 37.9474 46.6431 69.7529 69.7529 ]
c0 = [ 161 161 63 243 83 83 187 137 250 250 ]
cp = [ 35.0128 35.0128 39.4887 22.1831 40.5575 40.5575 17.4686 31.4722 8.82069 8.82069 ]
D = [ 563 575 655 700 742 785 863 888 1006 998 1111 1095 1149 1240 1342 1367 1451 1478 1499 1586 1597 1722 1751 1799 1842 1820 1743 1680 1592 1455 1386 1367 1276 1232 1112 1248 1341 1393 1499 1564 1643 1517 1403 1283 1102 1034 884 732 627 653 791 779 890 946 1007 1053 1110 1133 1159 1244 1308 1301 1401 1439 1461 1547 1586 1694 1697 1736 1784 1840 1942 1828 1778 1686 1664 1504 1510 1372 1275 1275 1162 1292 1373 1437 1559 1644 1677 1540 1426 1329 1133 1065 862 725 ]
K = 7
nk = [ 1 1 2 3 4 4 5 6 7 7 ]
First = [ 1 0 1 1 1 0 1 1 1 0 ]
Last = [ 0 1 1 1 0 1 1 1 0 1 ]
nS = 1
S = [ 0 1 2 3 4 5 6 7 8 9 ]
