n = 10 ; 
T = 96 ; 
Init = [ 0 0 0 0 0 1 1 1 0 0 ]
L = [ 12 12 6 6 12 18 20 20 20 20 ]
l = [ 12 12 6 6 12 18 20 20 20 20 ]
Pmin = [ 223 223 78 78 221 410 420 420 420 420 ]
Pmax = [ 223 223 78 78 221 410 420 420 420 420 ]
cf = [ 43.8771 43.8771 29.683 29.683 40.5099 60.8975 24.4848 24.4848 34.595 34.595 ]
c0 = [ 155 155 94 94 177 250 250 250 250 250 ]
cp = [ 22.575 22.575 38.5839 38.5839 30.691 10.7484 12.2137 12.2137 8.01479 8.01479 ]
D = [ 665 689 839 836 925 1079 1122 1273 1315 1376 1432 1490 1573 1722 1776 1825 1919 2063 2132 2147 2224 2312 2499 2487 2573 2519 2360 2268 2091 2003 1920 1818 1673 1542 1471 1552 1594 1702 1853 1972 2060 1912 1736 1552 1355 1151 1052 867 699 710 858 908 993 1050 1156 1271 1362 1366 1453 1529 1579 1763 1780 1838 1953 1989 2149 2172 2318 2350 2462 2458 2561 2464 2411 2259 2082 2052 1849 1812 1714 1579 1395 1541 1738 1818 1882 2091 2212 1987 1780 1692 1454 1301 1075 990 ]
K = 6
nk = [ 1 1 2 2 3 4 5 5 6 6 ]
First = [ 1 0 1 0 1 1 1 0 1 0 ]
Last = [ 0 1 0 1 1 1 0 1 0 1 ]
nS = 1
S = [ 0 1 2 3 4 5 6 7 8 9 ]
