n = 10 ; 
T = 96 ; 
Init = [ 0 1 1 0 0 0 1 1 1 1 ]
L = [ 6 13 13 7 7 7 16 7 7 7 ]
l = [ 6 13 13 7 7 7 16 7 7 7 ]
Pmin = [ 76 286 286 122 122 122 320 103 103 103 ]
Pmax = [ 76 286 286 122 122 122 320 103 103 103 ]
cf = [ 29.362 41.5837 41.5837 8.01011 8.01011 8.01011 61.785 46.1772 46.1772 46.1772 ]
c0 = [ 90 190 190 120 120 120 219 91 91 91 ]
cp = [ 36.8645 15.6299 15.6299 38.0375 38.0375 38.0375 14.9609 37.5008 37.5008 37.5008 ]
D = [ 382 456 478 488 575 606 649 713 739 769 824 863 895 941 1024 1035 1098 1129 1171 1224 1304 1333 1371 1441 1473 1385 1305 1270 1210 1091 1020 974 884 856 775 867 898 954 1066 1144 1186 1071 973 897 783 724 614 518 417 411 473 498 545 575 608 670 697 752 792 794 836 896 924 952 987 1087 1086 1106 1142 1230 1237 1312 1324 1250 1202 1182 1120 1068 1019 1029 932 907 837 926 1004 1039 1151 1218 1269 1139 1057 935 827 668 601 490 ]
K = 5
nk = [ 1 2 2 3 3 3 4 5 5 5 ]
First = [ 1 1 0 1 0 0 1 1 0 0 ]
Last = [ 1 0 1 0 0 1 1 0 0 1 ]
nS = 1
S = [ 0 1 2 3 4 5 6 7 8 9 ]
