n = 10 ; 
T = 96 ; 
Init = [ 0 0 0 0 1 1 1 1 1 0 ]
L = [ 6 6 5 5 12 12 14 14 7 16 ]
l = [ 6 6 5 5 12 12 14 14 7 16 ]
Pmin = [ 100 100 64 64 246 246 275 275 99 329 ]
Pmax = [ 100 100 64 64 246 246 275 275 99 329 ]
cf = [ 56.6783 56.6783 49.7939 49.7939 9.53637 9.53637 37.6365 37.6365 58.8827 18.9842 ]
c0 = [ 90 90 76 76 191 191 193 193 107 218 ]
cp = [ 37.0717 37.0717 39.9686 39.9686 20.2694 20.2694 25.1492 25.1492 35.5215 11.9618 ]
D = [ 357 461 473 535 607 659 730 778 806 822 915 959 1009 1073 1113 1151 1209 1242 1306 1324 1381 1471 1527 1548 1630 1524 1465 1353 1324 1239 1136 1103 999 930 836 966 1039 1105 1161 1211 1242 1167 1037 966 832 764 608 554 438 481 491 530 588 633 716 762 778 830 846 938 970 978 1076 1107 1176 1186 1253 1283 1342 1373 1448 1474 1528 1479 1421 1335 1308 1204 1195 1121 1015 970 961 995 1077 1163 1197 1249 1340 1225 1131 1016 863 749 619 489 ]
K = 6
nk = [ 1 1 2 2 3 3 4 4 5 6 ]
First = [ 1 0 1 0 1 0 1 0 1 1 ]
Last = [ 0 1 0 1 0 1 0 1 1 1 ]
nS = 1
S = [ 0 1 2 3 4 5 6 7 8 9 ]
