n = 10 ; 
T = 96 ; 
Init = [ 0 1 0 0 1 1 0 0 1 1 ]
L = [ 19 13 14 14 19 19 11 11 6 6 ]
l = [ 19 13 14 14 19 19 11 11 6 6 ]
Pmin = [ 411 265 301 301 409 409 186 186 94 94 ]
Pmax = [ 411 265 301 301 409 409 186 186 94 94 ]
cf = [ 53.8193 54.4432 16.6778 16.6778 22.2007 22.2007 16.4581 16.4581 22.0881 22.0881 ]
c0 = [ 250 188 206 206 250 250 131 131 92 92 ]
cp = [ 10.8043 20.7508 12.9881 12.9881 9.99519 9.99519 30.6816 30.6816 39.4706 39.4706 ]
D = [ 652 750 861 882 964 1022 1103 1120 1296 1308 1346 1444 1546 1620 1702 1721 1805 1888 1950 2043 2117 2188 2216 2261 2423 2286 2167 1996 1950 1829 1686 1645 1446 1344 1253 1390 1495 1634 1718 1821 1901 1808 1689 1443 1353 1245 1054 977 838 810 900 977 1047 1075 1111 1172 1275 1274 1353 1465 1485 1486 1594 1643 1726 1723 1849 1874 1894 2022 1992 2045 2123 2024 1988 1873 1861 1767 1699 1627 1555 1412 1360 1483 1600 1708 1834 1891 2048 1823 1669 1522 1347 1245 984 835 ]
K = 6
nk = [ 1 2 3 3 4 4 5 5 6 6 ]
First = [ 1 1 1 0 1 0 1 0 1 0 ]
Last = [ 1 1 0 1 0 1 0 1 0 1 ]
nS = 1
S = [ 0 1 2 3 4 5 6 7 8 9 ]
