n = 10 ; 
T = 96 ; 
Init = [ 1 1 1 1 1 1 1 1 1 1 ]
L = [ 19 19 19 19 19 19 19 19 19 18 ]
l = [ 19 19 19 19 19 19 19 19 19 18 ]
Pmin = [ 397 397 397 397 397 417 417 417 417 393 ]
Pmax = [ 397 397 397 397 397 417 417 417 417 393 ]
cf = [ 49.183 49.183 49.183 49.183 49.183 43.7451 43.7451 43.7451 43.7451 45.7314 ]
c0 = [ 250 250 250 250 250 250 250 250 250 250 ]
cp = [ 13.03 13.03 13.03 13.03 13.03 8.79239 8.79239 8.79239 8.79239 11.084 ]
D = [ 771 1018 1070 1200 1208 1447 1475 1671 1667 1761 1981 2044 2132 2288 2456 2435 2566 2719 2866 2938 2983 3232 3199 3403 3563 3410 3255 3146 2958 2787 2734 2561 2365 2254 2101 2282 2456 2701 2806 3027 3255 3022 2749 2509 2160 1944 1572 1405 1074 1130 1343 1338 1538 1616 1720 1723 1883 1951 2055 2078 2290 2393 2408 2521 2708 2762 2760 2980 3025 3048 3184 3279 3357 3203 3167 2948 2855 2685 2696 2520 2310 2276 2162 2361 2452 2652 2757 3075 3246 2900 2524 2354 2014 1719 1404 1156 ]
K = 3
nk = [ 1 1 1 1 1 2 2 2 2 3 ]
First = [ 1 0 0 0 0 1 0 0 0 1 ]
Last = [ 0 0 0 0 1 0 0 0 1 1 ]
nS = 1
S = [ 0 1 2 3 4 5 6 7 8 9 ]
