n = 10 ; 
T = 96 ; 
Init = [ 0 1 1 0 0 1 1 1 0 0 ]
L = [ 13 17 17 4 4 16 16 16 10 10 ]
l = [ 13 17 17 4 4 16 16 16 10 10 ]
Pmin = [ 262 347 347 33 33 348 348 348 211 211 ]
Pmax = [ 262 347 347 33 33 348 348 348 211 211 ]
cf = [ 15.1221 60.6638 60.6638 8.61523 8.61523 23.258 23.258 23.258 56.3504 56.3504 ]
c0 = [ 174 225 225 70 70 239 239 239 166 166 ]
cp = [ 21.5591 16.488 16.488 41.3363 41.3363 13.0849 13.0849 13.0849 36.1287 36.1287 ]
D = [ 719 831 901 889 984 1043 1068 1191 1207 1234 1363 1373 1394 1541 1598 1564 1628 1758 1741 1828 1911 2007 2010 2084 2137 2080 1946 1849 1778 1615 1602 1421 1411 1310 1159 1295 1403 1526 1629 1694 1886 1705 1568 1371 1278 1141 950 864 702 781 851 884 926 996 1053 1127 1181 1254 1315 1363 1481 1566 1610 1639 1714 1811 1820 1956 1958 2009 2095 2201 2202 2076 1991 1899 1857 1673 1593 1482 1414 1241 1199 1310 1345 1498 1520 1646 1809 1604 1489 1383 1200 1166 1025 855 ]
K = 5
nk = [ 1 2 2 3 3 4 4 4 5 5 ]
First = [ 1 1 0 1 0 1 0 0 1 0 ]
Last = [ 1 0 1 0 1 0 0 1 0 1 ]
nS = 1
S = [ 0 1 2 3 4 5 6 7 8 9 ]
