n = 10 ; 
T = 96 ; 
Init = [ 0 0 0 0 0 0 0 0 0 1 ]
L = [ 10 19 13 12 16 16 9 19 19 7 ]
l = [ 10 19 13 12 16 16 9 19 19 7 ]
Pmin = [ 187 409 267 257 316 316 155 404 404 111 ]
Pmax = [ 187 409 267 257 316 316 155 404 404 111 ]
cf = [ 34.4185 24.1712 49.3705 65.3484 62.7655 62.7655 51.6014 34.3592 34.3592 19.4181 ]
c0 = [ 129 250 188 180 223 223 117 250 250 109 ]
cp = [ 23.1137 9.20719 22.9154 30.0264 21.1163 21.1163 28.5497 9.56601 9.56601 31.6419 ]
D = [ 752 862 844 965 1076 1079 1188 1224 1278 1372 1436 1560 1620 1690 1774 1791 1956 2022 2084 2165 2226 2268 2318 2466 2500 2374 2281 2216 2054 1931 1840 1667 1582 1513 1389 1576 1672 1819 1856 2047 2103 1926 1736 1574 1394 1216 998 799 613 649 735 776 942 959 1061 1101 1136 1287 1351 1427 1451 1577 1625 1671 1823 1824 1915 1971 2090 2213 2284 2306 2406 2297 2156 2047 2055 1912 1852 1728 1547 1497 1451 1598 1727 1832 1943 2145 2213 2096 1855 1655 1476 1320 1092 876 ]
K = 8
nk = [ 1 2 3 4 5 5 6 7 7 8 ]
First = [ 1 1 1 1 1 0 1 1 0 1 ]
Last = [ 1 1 1 1 0 1 1 0 1 1 ]
nS = 1
S = [ 0 1 2 3 4 5 6 7 8 9 ]
