n = 10 ; 
T = 96 ; 
Init = [ 0 0 0 0 0 1 1 1 1 1 ]
L = [ 20 20 15 9 9 8 8 19 19 11 ]
l = [ 20 20 15 9 9 8 8 19 19 11 ]
Pmin = [ 420 420 305 162 162 113 113 416 416 199 ]
Pmax = [ 420 420 305 162 162 113 113 416 416 199 ]
cf = [ 26.4812 26.4812 14.3549 56.738 56.738 56.6559 56.6559 20.9246 20.9246 25.0018 ]
c0 = [ 250 250 211 130 130 91 91 250 250 140 ]
cp = [ 8.24867 8.24867 20.986 31.8936 31.8936 34.4688 34.4688 10.6573 10.6573 29.6941 ]
D = [ 563 667 696 742 880 896 1003 1041 1186 1231 1267 1324 1411 1499 1610 1601 1747 1838 1902 1939 1968 2039 2141 2219 2285 2219 2125 1989 1928 1903 1731 1700 1597 1492 1435 1468 1593 1642 1750 1839 1970 1807 1647 1449 1302 1181 1012 940 780 848 876 923 986 1077 1152 1171 1288 1313 1428 1420 1478 1537 1674 1692 1770 1800 1860 1923 2046 2056 2118 2158 2255 2137 2075 1997 1919 1858 1751 1634 1579 1546 1414 1523 1571 1725 1790 1784 1900 1777 1568 1438 1311 1069 894 783 ]
K = 6
nk = [ 1 1 2 3 3 4 4 5 5 6 ]
First = [ 1 0 1 1 0 1 0 1 0 1 ]
Last = [ 0 1 1 0 1 0 1 0 1 1 ]
nS = 1
S = [ 0 1 2 3 4 5 6 7 8 9 ]
