n = 10 ; 
T = 96 ; 
Init = [ 0 0 1 1 0 0 0 0 1 1 ]
L = [ 6 6 17 17 5 5 5 5 14 14 ]
l = [ 6 6 17 17 5 5 5 5 14 14 ]
Pmin = [ 77 77 366 366 53 53 53 53 280 280 ]
Pmax = [ 77 77 366 366 53 53 53 53 280 280 ]
cf = [ 43.936 43.936 42.8672 42.8672 36.3672 36.3672 36.3672 36.3672 9.59831 9.59831 ]
c0 = [ 75 75 235 235 85 85 85 85 197 197 ]
cp = [ 33.7443 33.7443 17.7966 17.7966 36.8559 36.8559 36.8559 36.8559 17.0154 17.0154 ]
D = [ 446 524 567 622 630 645 704 755 760 799 873 914 917 1013 998 1046 1105 1155 1196 1227 1253 1299 1331 1352 1427 1331 1324 1263 1169 1113 1063 992 909 862 807 899 968 1072 1110 1210 1314 1194 1038 980 849 705 588 477 418 403 483 539 580 593 617 662 687 768 792 831 852 888 917 963 1023 1073 1077 1129 1202 1260 1295 1335 1323 1270 1265 1227 1166 1127 1025 1016 922 926 867 945 961 991 1074 1141 1213 1129 980 883 795 701 610 542 ]
K = 4
nk = [ 1 1 2 2 3 3 3 3 4 4 ]
First = [ 1 0 1 0 1 0 0 0 1 0 ]
Last = [ 0 1 0 1 0 0 0 1 0 1 ]
nS = 1
S = [ 0 1 2 3 4 5 6 7 8 9 ]
