n = 10 ; 
T = 96 ; 
Init = [ 0 0 0 0 0 0 0 0 1 1 ]
L = [ 9 9 9 9 4 4 4 4 13 13 ]
l = [ 9 9 9 9 4 4 4 4 13 13 ]
Pmin = [ 175 175 175 175 46 46 46 46 286 286 ]
Pmax = [ 175 175 175 175 46 46 46 46 286 286 ]
cf = [ 43.5941 43.5941 43.5941 43.5941 8.53698 8.53698 8.53698 8.53698 46.3123 46.3123 ]
c0 = [ 152 152 152 152 66 66 66 66 184 184 ]
cp = [ 29.8931 29.8931 29.8931 29.8931 41.8116 41.8116 41.8116 41.8116 20.332 20.332 ]
D = [ 370 459 485 483 532 608 643 634 726 750 773 805 844 901 932 973 991 1048 1066 1136 1179 1200 1251 1277 1332 1246 1177 1103 1053 994 929 876 810 791 697 759 838 858 932 1005 1011 935 867 798 740 665 541 462 422 414 498 493 535 606 611 655 663 734 773 765 803 847 860 920 924 955 1023 1028 1070 1089 1173 1162 1194 1193 1121 1061 1034 991 906 865 839 746 725 774 842 916 1034 1076 1130 1086 979 870 779 710 628 505 ]
K = 3
nk = [ 1 1 1 1 2 2 2 2 3 3 ]
First = [ 1 0 0 0 1 0 0 0 1 0 ]
Last = [ 0 0 0 1 0 0 0 1 0 1 ]
nS = 1
S = [ 0 1 2 3 4 5 6 7 8 9 ]
