n = 10 ; 
T = 96 ; 
Init = [ 1 1 1 1 1 1 1 0 0 1 ]
L = [ 16 9 9 11 20 20 16 9 9 12 ]
l = [ 16 9 9 11 20 20 16 9 9 12 ]
Pmin = [ 355 161 161 223 420 420 359 183 183 233 ]
Pmax = [ 355 161 161 223 420 420 359 183 183 233 ]
cf = [ 66.6845 63.0595 63.0595 48.3816 59.7534 14.6986 13.7656 58.0133 58.0133 13.8955 ]
c0 = [ 221 140 140 173 250 250 231 133 133 184 ]
cp = [ 14.6691 34.0613 34.0613 24.0206 8.59245 8.24087 20.178 26.4133 26.4133 19.6032 ]
D = [ 579 648 732 851 832 891 962 1107 1157 1231 1205 1280 1332 1398 1482 1582 1695 1664 1740 1872 1872 1946 2046 2078 2157 2071 1998 1927 1873 1743 1676 1538 1521 1365 1281 1364 1494 1599 1654 1770 1884 1706 1581 1432 1256 1150 1036 800 700 734 877 859 1013 1063 1075 1186 1253 1321 1391 1496 1564 1619 1647 1722 1842 1887 1978 2072 2144 2237 2307 2318 2449 2250 2243 2131 1915 1902 1739 1649 1490 1398 1326 1374 1493 1701 1787 1901 1997 1884 1617 1511 1273 1070 860 777 ]
K = 8
nk = [ 1 2 2 3 4 5 6 7 7 8 ]
First = [ 1 1 0 1 1 1 1 1 0 1 ]
Last = [ 1 0 1 1 1 1 1 0 1 1 ]
nS = 1
S = [ 0 1 2 3 4 5 6 7 8 9 ]
