n = 10 ; 
T = 96 ; 
Init = [ 0 0 0 1 1 0 0 0 0 1 ]
L = [ 13 15 15 6 6 13 13 9 9 11 ]
l = [ 13 15 15 6 6 13 13 9 9 11 ]
Pmin = [ 254 318 318 71 71 274 274 168 168 203 ]
Pmax = [ 254 318 318 71 71 274 274 168 168 203 ]
cf = [ 20.0511 38.585 38.585 62.1253 62.1253 30.4676 30.4676 8.83628 8.83628 21.5072 ]
c0 = [ 179 219 219 95 95 203 203 133 133 156 ]
cp = [ 29.1612 17.4864 17.4864 38.1264 38.1264 21.6763 21.6763 20.078 20.078 31.7681 ]
D = [ 595 692 662 718 809 873 886 956 1011 1109 1124 1159 1242 1259 1348 1348 1433 1462 1579 1621 1621 1670 1746 1770 1834 1805 1659 1600 1546 1497 1424 1361 1273 1202 1143 1166 1263 1321 1448 1548 1568 1442 1311 1232 1073 978 848 636 537 607 649 680 763 821 872 896 954 1017 1027 1088 1166 1201 1278 1332 1411 1421 1497 1497 1592 1637 1694 1741 1787 1731 1673 1582 1520 1424 1396 1352 1275 1153 1088 1176 1279 1348 1408 1433 1513 1435 1290 1215 1035 915 842 690 ]
K = 6
nk = [ 1 2 2 3 3 4 4 5 5 6 ]
First = [ 1 1 0 1 0 1 0 1 0 1 ]
Last = [ 1 0 1 0 1 0 1 0 1 1 ]
nS = 1
S = [ 0 1 2 3 4 5 6 7 8 9 ]
