n = 10 ; 
T = 96 ; 
Init = [ 1 1 1 1 1 0 0 0 0 0 ]
L = [ 15 15 15 15 15 18 18 18 18 18 ]
l = [ 15 15 15 15 15 18 18 18 18 18 ]
Pmin = [ 310 310 310 310 310 374 374 391 391 391 ]
Pmax = [ 310 310 310 310 310 374 374 391 391 391 ]
cf = [ 7.03601 7.03601 7.03601 7.03601 7.03601 21.8888 21.8888 69.1086 69.1086 69.1086 ]
c0 = [ 215 215 215 215 215 250 250 250 250 250 ]
cp = [ 29.5877 29.5877 29.5877 29.5877 29.5877 23.1514 23.1514 8.97801 8.97801 8.97801 ]
D = [ 898 1037 1039 1091 1280 1265 1320 1499 1585 1605 1762 1847 1869 1933 2075 2061 2175 2211 2302 2453 2530 2568 2720 2776 2779 2698 2559 2427 2348 2224 2132 2063 1859 1827 1591 1772 1921 2075 2215 2370 2602 2287 2054 1836 1644 1472 1159 1000 702 787 971 1045 1111 1142 1256 1317 1514 1541 1655 1801 1849 1986 1985 2169 2288 2284 2404 2581 2579 2714 2795 2855 3051 2844 2699 2603 2542 2412 2204 2082 1942 1821 1678 1938 2045 2213 2437 2507 2745 2454 2317 1974 1862 1629 1374 1146 ]
K = 3
nk = [ 1 1 1 1 1 2 2 3 3 3 ]
First = [ 1 0 0 0 0 1 0 1 0 0 ]
Last = [ 0 0 0 0 1 0 1 0 0 1 ]
nS = 1
S = [ 0 1 2 3 4 5 6 7 8 9 ]
