n = 10 ; 
T = 96 ; 
Init = [ 1 0 0 1 0 0 0 0 0 0 ]
L = [ 14 16 18 4 19 19 20 13 7 7 ]
l = [ 14 16 18 4 19 19 20 13 7 7 ]
Pmin = [ 275 366 395 28 420 420 414 262 116 118 ]
Pmax = [ 275 366 395 28 420 420 414 262 116 118 ]
cf = [ 48.0534 34.4591 12.6388 28.2011 44.5889 44.5889 7.11126 28.3685 13.9751 44.7745 ]
c0 = [ 186 247 250 61 250 250 250 179 117 96 ]
cp = [ 20.8452 17.8983 15.9484 41.7956 9.18222 9.18222 8.20613 16.5386 27.8758 32.3538 ]
D = [ 657 659 719 849 926 959 1113 1131 1259 1312 1396 1485 1568 1626 1749 1813 1822 1921 2058 2094 2223 2293 2367 2357 2482 2386 2222 2140 2070 1856 1748 1719 1541 1414 1324 1508 1586 1709 1833 1960 2171 1978 1795 1575 1363 1224 990 821 674 661 779 839 889 928 1033 1097 1144 1223 1337 1373 1477 1527 1619 1600 1752 1837 1894 1928 2016 2041 2163 2187 2278 2146 2082 2027 1871 1814 1762 1579 1554 1440 1360 1515 1569 1724 1762 1908 1961 1796 1661 1612 1430 1319 1071 973 ]
K = 9
nk = [ 1 2 3 4 5 5 6 7 8 9 ]
First = [ 1 1 1 1 1 0 1 1 1 1 ]
Last = [ 1 1 1 1 0 1 1 1 1 1 ]
nS = 1
S = [ 0 1 2 3 4 5 6 7 8 9 ]
