n = 10 ; 
T = 96 ; 
Init = [ 0 0 0 0 1 1 1 1 0 1 ]
L = [ 4 4 4 5 11 11 19 19 14 19 ]
l = [ 4 4 4 5 11 11 19 19 14 19 ]
Pmin = [ 69 69 69 78 231 231 420 420 312 399 ]
Pmax = [ 69 69 69 78 231 231 420 420 312 399 ]
cf = [ 55.3594 55.3594 55.3594 53.4552 53.3525 53.3525 46.1871 46.1871 37.8369 40.9219 ]
c0 = [ 77 77 77 73 179 179 250 250 229 250 ]
cp = [ 41.7042 41.7042 41.7042 38.8437 25.6633 25.6633 9.70225 9.70225 27.0248 8.60287 ]
D = [ 561 609 664 686 711 769 822 913 1003 1021 1065 1134 1162 1236 1280 1344 1380 1422 1486 1603 1632 1701 1756 1835 1877 1781 1680 1597 1560 1467 1449 1331 1231 1212 1153 1205 1370 1492 1579 1687 1771 1601 1476 1377 1226 1090 1000 830 641 775 796 859 872 976 982 1068 1133 1187 1245 1272 1340 1432 1515 1503 1573 1656 1710 1747 1842 1843 1958 1962 2102 1937 1867 1725 1681 1572 1499 1393 1268 1159 1058 1193 1341 1401 1563 1628 1775 1580 1440 1330 1170 964 877 729 ]
K = 6
nk = [ 1 1 1 2 3 3 4 4 5 6 ]
First = [ 1 0 0 1 1 0 1 0 1 1 ]
Last = [ 0 0 1 1 0 1 0 1 1 1 ]
nS = 1
S = [ 0 1 2 3 4 5 6 7 8 9 ]
